# Time-averaged data for fix logger
# TimeStep v_P v_Fobs c_Fsum v_EE v_hcp_frac
10000 -6971.03 -911763 63.2576 -14413.5 0
10500 -5953.06 -778471 59.8866 -12999.1 0
11000 -3712.81 -484986 61.5472 -7879.9 0
11500 -73.0541 -9528.88 60.0472 -158.69 0
12000 2986.78 389104 63.9205 6087.31 0
12500 5565.7 724432 62.1174 11662.3 0
13000 5989.43 779490 59.0118 13209 0
13500 5163.27 672218 61.111 10999.9 0
14000 2685.5 349944 60.782 5757.37 0
14500 1011.98 131975 57.7136 2286.72 0
15000 -221.295 -28875 63.7423 -452.996 0
15500 -967.126 -126203 58.8834 -2143.27 0
16000 -777.199 -101410 62.8892 -1612.52 0
16500 650.589 84850 57.8602 1466.47 0
17000 1464.59 190957 56.1667 3399.83 0
17500 2312.76 301455 60.5908 4975.26 0
18000 3390.15 441666 55.9613 7892.35 0
18500 3320.62 432618 63.6724 6794.43 0
19000 3321.47 432740 58.7843 7361.49 0
19500 2471.83 322153 61.2294 5261.4 0
20000 2403.3 313222 58.1765 5384 0
20500 1794.17 233872 58.9076 3970.16 0
21000 2484.63 323827 56.9948 5681.69 0
21500 3011.32 392372 61.2689 6404.1 0
22000 4391.43 571971 60.3035 9484.87 0
22500 4669.17 608033 60.2157 10097.6 0
23000 4495.23 585368 60.2528 9715.21 0
23500 4657.18 606444 59.2689 10232.1 0
24000 4081.63 531693 61.089 8703.57 0
24500 1738.79 226680 66.6937 3398.82 0
25000 1704.32 222176 59.874 3710.72 0
25500 2217.88 289067 60.0892 4810.64 0
26000 3285.53 428045 57.9597 7385.23 0
26500 4233.13 551227 60.8562 9057.86 0
27000 5682.95 739613 57.751 12806.9 0
27500 6899.85 897622 61.3153 14639.4 0
28000 7685.03 999536 59.3286 16847.5 0
28500 7495.09 975021 60.9781 15989.7 0
29000 6498.52 845762 60.2844 14029.5 0
29500 3746.72 488039 60.4956 8067.35 0
30000 758.957 98974.8 64.6375 1531.23 0
30500 -1347.7 -175889 62.9139 -2795.72 0
31000 -1832.16 -239162 64.0395 -3734.61 0
31500 620.65 80946.2 62.8723 1287.47 0
32000 4606.11 599785 59.0911 10150.2 0
32500 9393.94 1.22098e+06 63.9183 19102.1 0
33000 13520.5 1.75472e+06 58.6657 29910.5 0
33500 14888.3 1.93112e+06 63.21 30550.9 0
34000 13233.6 1.71773e+06 62.5414 27465.5 0
34500 10013 1.30123e+06 61.1043 21295.2 0
35000 6225.6 810219 59.2039 13685.2 0
35500 3607.03 469899 60.8444 7722.97 0
36000 2699.46 351774 61.5574 5714.57 0
36500 3483.09 453711 56.5618 8021.5 0
37000 5128.82 667690 58.0606 11499.9 0
37500 6879.65 895160 59.2123 15117.8 0
38000 7746.56 1.0075e+06 61.6626 16338.9 0
38500 8200.51 1.06628e+06 64.042 16649.7 0
39000 8472.86 1.10157e+06 60.4935 18209.7 0
39500 8904.5 1.15759e+06 63.7427 18160.3 0
40000 9101.29 1.18326e+06 63.2638 18703.5 0
40500 8776.55 1.14115e+06 59.6261 19138.4 0
41000 7487.65 973917 64.747 15041.9 0
41500 7208.47 937813 57.1125 16420.5 0
42000 6578.5 856009 61.362 13950.1 0
42500 7144.15 929424 53.6105 17336.6 0
43000 7128.06 927290 58.5089 15848.7 0
43500 8411.38 1.09382e+06 59.1316 18498 0
44000 9990.78 1.29828e+06 59.5103 21816.1 0
44500 11839 1.53745e+06 60.2962 25498.3 0
45000 11874.2 1.54185e+06 61.7825 24956 0
45500 11510.2 1.49478e+06 57.5459 25975.5 0
46000 9902.47 1.28679e+06 61.7087 20852.7 0
46500 7284.33 947550 58.8323 16105.9 0
47000 5351.76 696744 59.0954 11790.2 0
47500 4183 544748 60.5907 8990.62 0
48000 4695.85 611461 63.2197 9671.99 0
48500 7127.18 927062 58.9375 15729.6 0
49000 11200.1 1.45486e+06 57.6334 25243.3 0
49500 14122.1 1.83213e+06 62.1645 29472.2 0
50000 17291 2.24096e+06 60.1987 37226 0
50500 17343 2.24722e+06 61.1162 36769.7 0
51000 14918.6 1.93499e+06 62.8383 30793.1 0
51500 11355.2 1.47466e+06 60.8685 24226.9 0
52000 7662.5 996508 56.5529 17620.8 0
52500 5448.51 709265 61.7731 11481.8 0
53000 4863.58 633212 57.0414 11100.9 0
53500 6950.75 904388 59.7206 15143.7 0
54000 9589.1 1.24613e+06 59.7544 20854.3 0
54500 12450.4 1.61636e+06 58.4889 27635.3 0
55000 13402.2 1.73894e+06 62.1235 27991.7 0
55500 14134.8 1.8336e+06 54.2855 33776.9 0
56000 13541.8 1.75726e+06 63.0334 27878.2 0
56500 12958.4 1.68202e+06 58.8963 28559 0
57000 11632.1 1.51075e+06 58.3193 25904.9 0
57500 11219 1.45722e+06 63.5279 22938.3 0
58000 11402.2 1.48084e+06 59.9248 24711.7 0
58500 12076.3 1.56804e+06 60.2117 26042.1 0
59000 12524.9 1.62592e+06 58.6811 27707.7 0
59500 13222.3 1.71602e+06 60.2007 28505 0
60000 13721.8 1.78087e+06 61.1473 29124.2 0
60500 13106.4 1.70101e+06 59.6073 28536.9 0
61000 13216.3 1.71553e+06 62.973 27242.4 0
61500 12941.5 1.67966e+06 57.0508 29441.4 0
62000 13082.7 1.69813e+06 63.7614 26632.5 0
62500 12815 1.66328e+06 57.2307 29062.8 0
63000 13058.9 1.69506e+06 63.7665 26582.3 0
63500 13348.3 1.73224e+06 57.5126 30119.4 0
64000 14415.1 1.87005e+06 60.5121 30903.8 0
64500 15278.5 1.98155e+06 62.6565 31625.6 0
65000 15593.1 2.02179e+06 60.8433 33229.4 0
65500 15371.2 1.99319e+06 60.7138 32829.4 0
66000 15024.2 1.94858e+06 63.843 30521.5 0
66500 14002.2 1.81654e+06 57.7498 31455.3 0
67000 13746.1 1.78381e+06 60.0266 29717.1 0
67500 13160.4 1.70819e+06 59.3989 28757.9 0
68000 13248.3 1.71968e+06 62.0933 27695.1 0
68500 13936.6 1.80838e+06 56.969 31743.3 0
69000 15150.3 1.96487e+06 58.198 33761.8 0
69500 17708.5 2.29461e+06 63.5505 36106.8 0
70000 18879.9 2.44473e+06 58.5945 41722.9 0
70500 19905.9 2.57698e+06 61.0178 42233.3 0
71000 18827 2.43806e+06 57.2074 42618 0
71500 16276.8 2.10982e+06 60.1011 35104.5 0
72000 13527.9 1.75551e+06 61.4294 28577.7 0
72500 10546.9 1.37025e+06 64.2193 21337.1 0
73000 10086.6 1.31062e+06 57.0973 22954.2 0
73500 11932.9 1.5495e+06 62.7923 24676.5 0
74000 15349.3 1.99031e+06 62.0758 32062.5 0
74500 19994.1 2.58831e+06 62.8961 41152.2 0
75000 23134.3 2.99113e+06 56.4485 52988.7 0
75500 24453.6 3.16056e+06 58.1847 54319.4 0
76000 22318.7 2.88687e+06 57.5179 50190.8 0
76500 18372.5 2.3798e+06 62.6664 37975.6 0
77000 14014.2 1.81827e+06 61.3062 29658.9 0
77500 11385.5 1.47847e+06 58.7513 25164.9 0
78000 11883.7 1.54299e+06 61.291 25174.7 0
78500 13797 1.79012e+06 60.8279 29429.2 0
79000 17585.4 2.27836e+06 62.3574 36537.1 0
79500 21031.7 2.72158e+06 59.492 45747 0
80000 22362.1 2.89197e+06 59.9044 48276.4 0
80500 21889.1 2.83157e+06 62.6057 45228.6 0
81000 20700 2.67902e+06 59.3569 45134.1 0
81500 18494.8 2.3954e+06 61.844 38733 0
82000 17796.5 2.30585e+06 62.006 37187.5 0
82500 17132.4 2.2199e+06 60.4774 36706.3 0
83000 18429.8 2.38754e+06 55.0894 43339.3 0
83500 18393 2.38221e+06 59.5605 39996.5 0
84000 18924.2 2.45084e+06 60.1827 40723.3 0
84500 18892.8 2.44643e+06 64.6793 37824 0
85000 19114.9 2.47481e+06 57.5041 43037.2 0
85500 20531 2.65755e+06 61.1733 43443 0
86000 21049.5 2.72383e+06 55.9903 48648.2 0
86500 21638.9 2.79973e+06 60.0517 46621.9 0
87000 21106.2 2.73128e+06 57.9235 47153.3 0
87500 20309.8 2.62883e+06 57.1804 45974.3 0
88000 19445.9 2.51794e+06 61.0598 41237.3 0
88500 18562.9 2.40409e+06 59.3823 40485 0
89000 18528.6 2.39993e+06 60.2032 39863.8 0
89500 18713.6 2.42343e+06 64.1668 37767.7 0
90000 20709.1 2.67994e+06 54.0663 49567.6 0
90500 22940.9 2.9666e+06 61.4664 48263.8 0
91000 24724.9 3.19502e+06 62.531 51095 0
91500 25058.5 3.23787e+06 55.5996 58235.4 0
92000 23332.6 3.01696e+06 62.4361 48320.8 0
92500 20018 2.59125e+06 54.6332 47430 0
93000 17589.2 2.27916e+06 62.3306 36565.7 0
93500 17005.6 2.20395e+06 59.0509 37322.9 0
94000 17469.4 2.26349e+06 59.18 38247.6 0
94500 20285.2 2.62579e+06 56.8551 46184 0
95000 23252.8 3.00611e+06 57.4747 52303.3 0
95500 27027.7 3.48965e+06 60.3772 57797.4 0
96000 28962.3 3.73675e+06 62.4576 59828.6 0
96500 28305.3 3.65274e+06 61.5304 59364.8 0
97000 25763.4 3.32839e+06 62.6775 53103.4 0
97500 20543.6 2.659e+06 56.5787 46996.6 0
98000 15867.6 2.0575e+06 64.1237 32086.4 0
98500 13888.8 1.80246e+06 59.0602 30519 0
99000 15560.9 2.01782e+06 59.9244 33672.7 0
99500 20680.1 2.67647e+06 60.7326 44069.7 0
100000 26663.2 3.44304e+06 58.2355 59122.7 0
100500 29419.6 3.79465e+06 60.0131 63230.3 0
101000 29099.2 3.75422e+06 59.581 63010.4 0
101500 26846.7 3.46622e+06 63.4674 54614.1 0
102000 24236.7 3.13227e+06 55.8913 56042.1 0
102500 22264 2.87982e+06 58.9865 48821.6 0
103000 21511.7 2.78296e+06 57.0906 48746.5 0
103500 22220.3 2.87433e+06 60.7625 47304.4 0
104000 22820.1 2.95089e+06 56.6835 52059.1 0
104500 24894.2 3.21665e+06 56.6684 56762.7 0
105000 26341.7 3.40195e+06 60.0681 56634.9 0
105500 27867.5 3.59718e+06 56.6719 63473.8 0
106000 27524.5 3.553e+06 59.2281 59988.3 0
106500 26795.1 3.46001e+06 61.0245 56698.7 0
107000 24763.2 3.19956e+06 63.0968 50708.7 0
107500 22995.9 2.97331e+06 59.1644 50255.1 0
108000 22399 2.89705e+06 58.9041 49182.5 0
108500 23092.8 2.98601e+06 59.194 50444.5 0
109000 25019.2 3.23252e+06 59.1012 54694.7 0
109500 28768 3.71197e+06 55.1854 67263.7 0
110000 31648.7 4.07877e+06 60.8889 66987.1 0
110500 33532.1 4.31913e+06 58.0376 74419.5 0
111000 30222.5 3.89671e+06 63.557 61310.4 0
111500 24794.6 3.20364e+06 62.2574 51458.1 0
112000 19989.7 2.58764e+06 60.901 42489.2 0
112500 17930.8 2.32299e+06 60.8449 38178.9 0
113000 20018.6 2.59127e+06 61.5281 42115.1 0
113500 25581.7 3.30516e+06 60.2752 54834.6 0
114000 30030.3 3.87272e+06 60.2647 64261.8 0
114500 32844.2 4.23044e+06 63.1988 66938.5 0
115000 33959 4.3736e+06 59.0661 74045.9 0
115500 31134.2 4.01354e+06 57.1375 70243.5 0
116000 27302.4 3.52466e+06 60.0615 58684.2 0
116500 24124.1 3.11811e+06 56.3579 55327 0
117000 22608 2.9233e+06 59.3102 49288.3 0
117500 24091.3 3.11383e+06 57.4858 54167 0
118000 26745.5 3.45328e+06 59.7855 57761.1 0
118500 29398.6 3.79189e+06 57.2909 66186.7 0
119000 31779.9 4.09538e+06 59.6935 68606.9 0
119500 32363.8 4.16989e+06 60.674 68726.3 0
120000 31109.1 4.0098e+06 59.549 67336.1 0
120500 29112.4 3.75572e+06 61.1946 61373.4 0
121000 27338.5 3.5289e+06 57.2735 61614.9 0
121500 26564.9 3.43001e+06 61.4101 55854.2 0
122000 27669.2 3.57164e+06 57.4985 62117.2 0
122500 28615.7 3.69228e+06 56.0832 65835.8 0
123000 29172.9 3.76325e+06 59.7328 63001.5 0
123500 30290.9 3.90616e+06 56.2375 69458.3 0
124000 30560.4 3.93975e+06 60.1754 65471 0
124500 30952 3.99001e+06 61.5043 64873.7 0
125000 30290.3 3.90561e+06 59.4301 65717.7 0
125500 28968.8 3.73665e+06 63.3365 58996.8 0
126000 28595.4 3.68964e+06 61.116 60371.2 0
126500 28164.7 3.63425e+06 61.8329 58775.4 0
127000 29301.4 3.77933e+06 59.8917 63102.7 0
127500 31342.4 4.03976e+06 61.0015 66223.9 0
128000 33486.6 4.31325e+06 58.2548 74041 0
128500 33929.9 4.36915e+06 59.8213 73036.7 0
129000 33420.3 4.30462e+06 60.1755 71534.4 0
129500 31217.9 4.02413e+06 61.1653 65791 0
130000 27613.4 3.56379e+06 60.6062 58802.4 0
130500 25693.3 3.31884e+06 56.4121 58832.1 0
131000 25748.6 3.32529e+06 61.9392 53686.4 0
131500 29535 3.80946e+06 63.4462 60042.3 0
132000 33892.6 4.36372e+06 59.6225 73189.2 0
132500 38182.3 4.90895e+06 65.9568 74426.7 0
133000 39274.7 5.04692e+06 59.8271 84358.5 0
133500 37344.9 4.80286e+06 57.0003 84260.3 0
134000 32395.7 4.17366e+06 60.697 68762.1 0
134500 27833.4 3.5923e+06 56.5149 63563.8 0
135000 26071.7 3.36718e+06 59.9005 56212.8 0
135500 27504.3 3.55007e+06 58.7368 60440.2 0
136000 31445.5 4.05256e+06 62.2222 65130.4 0
136500 35200.5 4.53041e+06 59.0096 76774.1 0
137000 37916.8 4.87565e+06 61.0745 79831.1 0
137500 37723.7 4.85056e+06 57.695 84072.4 0
138000 35796.9 4.60654e+06 59.5786 77318.7 0
138500 32287.3 4.15961e+06 64.1269 64865.3 0
139000 30551.3 3.93917e+06 58.2709 67601 0
139500 29249.9 3.77296e+06 62.5423 60326.6 0
140000 30399.8 3.91914e+06 59.821 65514.5 0
140500 33548.2 4.32078e+06 60.9902 70843.8 0
141000 36734.6 4.72536e+06 60.2085 78483.4 0
141500 38288.9 4.92211e+06 57.8035 85152.4 0
142000 38133.1 4.90321e+06 60.2865 81331.7 0
142500 35794.3 4.60633e+06 57.2492 80461 0
143000 32949.9 4.24453e+06 57.5346 73773.5 0
143500 31805.7 4.09918e+06 63.8531 64197 0
144000 31510.2 4.06089e+06 59.0898 68724.1 0
144500 33087.2 4.261e+06 62.8298 67818.1 0
145000 36261.6 4.66507e+06 60.4144 77217.9 0
145500 38587.5 4.96031e+06 54.5073 91002.8 0
146000 38770.5 4.98263e+06 61.4357 81103.1 0
146500 37582.1 4.83269e+06 55.7235 86726.1 0
147000 34577.1 4.45134e+06 58.4498 76156.6 0
147500 30989.3 3.99449e+06 55.9843 71350 0
148000 29297 3.77875e+06 60.1675 62803.9 0
148500 30860.8 3.97851e+06 60.9366 65289.3 0
149000 35125.1 4.52027e+06 58.8541 76804.7 0
149500 42361.3 5.43754e+06 62.8039 86579.6 0
150000 46965.9 6.01889e+06 57.6021 104491 0
150500 45716.6 5.86108e+06 59.0056 99330.9 0
151000 39452.7 5.06935e+06 60.3466 84003.9 0
151500 32956.1 4.24525e+06 63.367 66994.6 0
152000 29288 3.77763e+06 62.4922 60449.6 0
152500 29806.1 3.84343e+06 60.1553 63891.8 0
153000 33777.1 4.34973e+06 62.0985 70045.6 0
153500 37634.9 4.83933e+06 57.8598 83639 0
154000 40222.8 5.16645e+06 60.1304 85920.9 0
154500 41136.1 5.28258e+06 58.7717 89883 0
155000 40301.4 5.17739e+06 59.0837 87628.1 0
155500 37847.8 4.86576e+06 59.0178 82445.6 0
156000 36409.6 4.68396e+06 61.4962 76166.6 0
156500 35637.7 4.58646e+06 57.1132 80304.8 0
157000 35271.1 4.53903e+06 62.7866 72293 0
157500 36698 4.72019e+06 56.4976 83546.8 0
158000 39656.7 5.09565e+06 56.7388 89808.8 0
158500 41832.4 5.37086e+06 60.5415 88713.7 0
159000 42102 5.40428e+06 57.6171 93796.5 0
159500 41328.3 5.30758e+06 58.5759 90610.4 0
160000 38386.2 4.93475e+06 62.1735 79370.6 0
160500 35479.1 4.56574e+06 59.7564 76405.9 0
161000 33763.1 4.34729e+06 60.4233 71947.3 0
161500 35324.9 4.54611e+06 60.7709 74807.3 0
162000 39505.8 5.07653e+06 58.9218 86157.1 0
162500 44104.3 5.65701e+06 62.62 90338.8 0
163000 47303 6.06064e+06 56.9441 106432 0
163500 46680.3 5.98237e+06 66.0464 90578.4 0
164000 42276.6 5.42711e+06 58.1457 93336.4 0
164500 35006.9 4.50513e+06 65.4849 68796.5 0
165000 30932.6 3.98745e+06 57.8974 68870.9 0
165500 32201 4.14986e+06 57.0446 72747.6 0
166000 36753.4 4.72744e+06 61.499 76870.1 0
166500 43327.9 5.5598e+06 58.8228 94517.8 0
167000 46960.8 6.01881e+06 60.4964 99490.5 0
167500 46334.3 5.94006e+06 56.9182 104361 0
168000 43311 5.55791e+06 58.1357 95602.3 0
168500 40183.1 5.16201e+06 61.5815 83824.1 0
169000 39196.9 5.03794e+06 58.8209 85648.9 0
169500 38883.2 4.99778e+06 56.3118 88751.8 0
170000 39975.1 5.13584e+06 59.1485 86829.6 0
170500 41302.7 5.30334e+06 58.83 90146.9 0
171000 43014.5 5.51993e+06 57.2291 96453.2 0
171500 44343.3 5.68847e+06 54.1659 105019 0
172000 43595.4 5.59279e+06 56.883 98320.9 0
172500 42924.5 5.50906e+06 58.4368 94273.7 0
173000 41319 5.3062e+06 61.179 86732.4 0
173500 40017.9 5.14152e+06 60.7589 84621.6 0
174000 39701.9 5.10139e+06 62.3821 81776.5 0
174500 41270 5.29967e+06 56.6144 93609.9 0
175000 44499.5 5.7082e+06 60.9357 93675.8 0
175500 47355.3 6.06842e+06 54.2302 111901 0
176000 48241.9 6.17922e+06 63.2511 97693.6 0
176500 46445.9 5.95313e+06 61.5232 96762.3 0
177000 41810.8 5.36854e+06 55.2625 97146.2 0
177500 36628 4.71202e+06 62.7891 75045.3 0
178000 34523.4 4.4443e+06 59.2144 75054.4 0
178500 37897.3 4.87256e+06 60.3783 80700.4 0
179000 44930.6 5.76242e+06 54.9219 104920 0
179500 50571 6.47131e+06 61.8377 104650 0
180000 52765.3 6.74674e+06 58.8685 114607 0
180500 50029.7 6.40305e+06 60.7287 105437 0
181000 44840.4 5.75049e+06 60.4433 95138.6 0
181500 40545.9 5.20851e+06 59.36 87744.4 0
182000 38482.4 4.94634e+06 60.428 81855 0
182500 39995.4 5.13835e+06 60.7848 84533.5 0
183000 43402.4 5.56888e+06 57.6143 96657.9 0
183500 47672.6 6.10752e+06 59.3212 102957 0
184000 49913.6 6.38965e+06 53.6301 119143 0
184500 49525.5 6.34033e+06 61.476 103135 0
185000 47422.9 6.07646e+06 61.3942 98974.5 0
185500 43796.8 5.61901e+06 58.7412 95657 0
186000 41620.9 5.34454e+06 62.081 86089.8 0
186500 41248 5.29738e+06 58.4741 90593.5 0
187000 43615.9 5.59637e+06 61.7196 90674.1 0
187500 47640.5 6.10356e+06 62.9029 97031.5 0
188000 50880.6 6.51059e+06 60.0045 108502 0
188500 52367.6 6.69819e+06 59.4687 112634 0
189000 50250 6.43262e+06 55.596 115703 0
189500 45245.7 5.8012e+06 61.3523 94555.6 0
190000 41565.3 5.33681e+06 58.3131 91519.9 0
190500 41057.5 5.27265e+06 60.5504 87078.7 0
191000 43697.4 5.60602e+06 60.8295 92159.5 0
191500 48372.9 6.19534e+06 55.7526 111122 0
192000 51924.3 6.64048e+06 61.6242 107758 0
192500 53614.4 6.85352e+06 59.9083 114400 0
193000 51684.8 6.61264e+06 62.7699 105347 0
193500 45682.8 5.85601e+06 61.3423 95464.6 0
194000 40145.6 5.15655e+06 56.3108 91573 0
194500 38313.5 4.92481e+06 61.0692 80643.1 0
195000 42565.2 5.46386e+06 57.8134 94508.5 0
195500 50094 6.41224e+06 58.4589 109688 0
196000 56208.3 7.17766e+06 56.3388 127402 0
196500 57718.8 7.36692e+06 58.126 126741 0
197000 54005.5 6.90303e+06 64.6433 106786 0
197500 48406.7 6.20129e+06 58.1281 106683 0
198000 43577.2 5.59103e+06 61.1647 91409.4 0
198500 43138.9 5.5356e+06 58.4502 94706.2 0
199000 46368.7 5.94398e+06 59.8561 99304.5 0
199500 49954.9 6.39552e+06 54.9564 116375 0
200000 52133.4 6.66891e+06 59.3055 112450 0
200500 52439.5 6.7063e+06 57.4798 116672 0
201000 51658 6.60881e+06 59.7976 110520 0
201500 50291.4 6.43771e+06 59.8265 107606 0
202000 47965.8 6.14444e+06 64.3993 95411.6 0
202500 47194.5 6.04708e+06 56.4523 107118 0
203000 47921.9 6.13877e+06 62.0508 98931.4 0
203500 49458.8 6.33159e+06 63.482 99738.2 0
204000 52276.3 6.6873e+06 59.1671 113024 0
204500 53111.1 6.79109e+06 58.4356 116215 0
205000 53108.5 6.78964e+06 59.7628 113610 0
205500 52162.9 6.67126e+06 61.5576 108374 0
206000 49695.5 6.36259e+06 54.5526 116632 0
206500 46554.8 5.96762e+06 62.7152 95154.3 0
207000 44796.1 5.74516e+06 59.9999 95752.8 0
207500 47616.2 6.10029e+06 56.3465 108264 0
208000 54160 6.92279e+06 58.7598 117815 0
208500 60352.8 7.69739e+06 57.6875 133433 0
209000 60941.6 7.77056e+06 61.3111 126740 0
209500 56066 7.16096e+06 56.8721 125914 0
210000 49427.4 6.32821e+06 61.8582 102302 0
210500 45362.7 5.81741e+06 62.864 92539.5 0
211000 45019.3 5.77348e+06 56.1319 102856 0
211500 48834.1 6.25375e+06 60.0924 104069 0
212000 54139.9 6.92042e+06 61.7503 112071 0
212500 57823 7.38126e+06 56.0688 131647 0
213000 58180.3 7.42669e+06 57.8605 128355 0
213500 55543.5 7.09703e+06 63.9485 110980 0
214000 51996.8 6.65163e+06 58.0938 114498 0
214500 49822.4 6.37853e+06 59.8006 106663 0
215000 49809.1 6.3769e+06 61.46 103757 0
215500 51891.2 6.63848e+06 58.4278 113618 0
216000 54547.9 6.97175e+06 59.2439 117679 0
216500 56747.2 7.24707e+06 58.2903 124327 0
217000 56628.1 7.23121e+06 62.1753 116304 0
217500 55501.6 7.09029e+06 61.2336 115791 0
218000 53466.2 6.83586e+06 58.5859 116681 0
218500 52430.1 6.7071e+06 57.7974 116045 0
219000 52076.4 6.66173e+06 60.5277 110061 0
219500 53294.8 6.81471e+06 58.6748 116144 0
220000 55307.2 7.06657e+06 62.1751 113656 0
220500 56454.1 7.21006e+06 61.1522 117903 0
221000 56406.8 7.20391e+06 58.2931 123581 0
221500 56040.2 7.15866e+06 58.6571 122042 0
222000 55048.8 7.03384e+06 61.4158 114528 0
222500 54175.2 6.92453e+06 57.3574 120726 0
223000 53649.3 6.85798e+06 58.5492 117132 0
223500 54614.5 6.97941e+06 58.5105 119285 0
224000 56149.3 7.17218e+06 61.4222 116768 0
224500 57451 7.33502e+06 59.5194 123238 0
225000 57335.8 7.32029e+06 64.4722 113542 0
225500 56534.8 7.21976e+06 65.5002 110225 0
226000 55225.5 7.05526e+06 62.6138 112679 0
226500 55109.2 7.0413e+06 60.3193 116734 0
227000 55011.5 7.02887e+06 61.6359 114039 0
227500 56123.7 7.16852e+06 63.5659 112773 0
228000 57907.7 7.39237e+06 57.3629 128870 0
228500 58854.9 7.5097e+06 64.8442 115811 0
229000 59013.1 7.52994e+06 58.6262 128440 0
229500 57206.6 7.30463e+06 62.3602 117136 0
230000 55358 7.07361e+06 62.4511 113266 0
230500 54191.8 6.92695e+06 62.0933 111557 0
231000 55340.1 7.07072e+06 59.3551 119126 0
231500 57967.5 7.39915e+06 61.866 119599 0
232000 60429.8 7.70602e+06 59.7465 128979 0
232500 61790.1 7.87563e+06 58.2532 135196 0
233000 60449.3 7.70788e+06 61.6217 125084 0
233500 57774.2 7.37518e+06 65.6527 112336 0
234000 54456.4 6.96002e+06 58.3333 119315 0
234500 53422.8 6.83118e+06 56.8633 120133 0
235000 54908.7 7.01625e+06 59.1142 118690 0
235500 59578.8 7.59972e+06 58.6663 129541 0
236000 64378.7 8.19794e+06 58.58 139944 0
236500 66460 8.45751e+06 58.3078 145049 0
237000 63612 8.10407e+06 63.2046 128220 0
237500 57539.9 7.34583e+06 60.8081 120803 0
238000 52575.6 6.72437e+06 60.716 110751 0
238500 51616.8 6.60406e+06 57.5935 114667 0
239000 55225.2 7.05571e+06 63.2807 111499 0
239500 61427.8 7.83074e+06 57.7182 135672 0
240000 66491.8 8.4616e+06 62.498 135390 0
240500 66654.6 8.48268e+06 60.3141 140642 0
241000 62730.1 7.99292e+06 62.3475 128199 0
241500 59428.9 7.58214e+06 59.7683 126859 0
242000 57749.6 7.37197e+06 57.4887 128233 0
242500 57818.2 7.3797e+06 62.5909 117904 0
243000 59523.8 7.59329e+06 62.2925 121897 0
243500 61249 7.80835e+06 65.3652 119457 0
244000 62668.3 7.98611e+06 58.3966 136756 0
244500 62934.9 8.01874e+06 61.6885 129987 0
245000 62077.5 7.91161e+06 55.0362 143753 0
245500 61024.4 7.78103e+06 59.0388 131795 0
246000 59930.7 7.64447e+06 55.2013 138484 0
246500 59642.3 7.60783e+06 61.156 124401 0
247000 61051.8 7.78455e+06 61.1895 127220 0
247500 63223.6 8.05573e+06 53.105 151695 0
248000 64622.3 8.22853e+06 61.7744 133203 0
248500 64852.4 8.25621e+06 58.7821 140455 0
249000 63533.1 8.09237e+06 62.142 130224 0
249500 60248.6 7.68387e+06 59.7215 128662 0
250000 57000.9 7.27803e+06 62.4923 116463 0
250500 56641.2 7.23335e+06 57.1633 126538 0
251000 60730.7 7.74412e+06 59.8302 129435 0
251500 67032.1 8.52759e+06 61.3226 139061 0
252000 70848.1 8.99954e+06 62.0031 145147 0
252500 69923.2 8.88533e+06 61.2776 145001 0
253000 64327.1 8.19178e+06 62.9469 130138 0
253500 58160.8 7.42346e+06 57.811 128409 0
254000 55453.3 7.0845e+06 62.9162 112602 0
254500 58191.5 7.42686e+06 61.901 119980 0
255000 63818.4 8.12781e+06 59.2969 137070 0
255500 68528.1 8.71175e+06 62.1568 140158 0
256000 70430.2 8.94882e+06 56.582 158157 0
256500 67821.4 8.62495e+06 56.9315 151497 0
257000 63473.4 8.08554e+06 61.6218 131212 0
257500 60016 7.65498e+06 57.8625 132296 0
258000 59725.9 7.61873e+06 58.5166 130198 0
258500 62012.8 7.90294e+06 61.0191 129516 0
259000 65028.2 8.27648e+06 61.8004 133923 0
259500 68014.4 8.64728e+06 60.8684 142065 0
260000 68944.5 8.76437e+06 56.7075 154554 0
260500 66801.1 8.49836e+06 59.8945 141889 0
261000 63999 8.15092e+06 58.3356 139725 0
261500 62065.8 7.91081e+06 55.2404 143207 0
262000 62484.2 7.96209e+06 60.3702 131888 0
262500 64864.5 8.25776e+06 58.9355 140115 0
263000 67189.4 8.54569e+06 62.6563 136390 0
263500 68266.7 8.67913e+06 58.5031 148353 0
264000 67819.6 8.62458e+06 59.71 144441 0
264500 65984.8 8.39796e+06 58.1777 144350 0
265000 64318.9 8.19157e+06 58.5958 139798 0
265500 64085 8.16216e+06 61.4513 132823 0
266000 65114.3 8.28922e+06 57.6898 143686 0
266500 67188.9 8.54551e+06 59.4597 143719 0
267000 69348.7 8.81411e+06 57.0503 154497 0
267500 70060.9 8.90338e+06 56.1543 158552 0
268000 68757.2 8.74277e+06 56.4551 154862 0
268500 65995.9 8.40024e+06 56.2387 149368 0
269000 63781.2 8.12456e+06 59.422 136726 0
269500 63912 8.14047e+06 58.5207 139104 0
270000 66647.7 8.47959e+06 60.4066 140375 0
270500 71204.9 9.04418e+06 57.9898 155962 0
271000 74323.2 9.42952e+06 59.1922 159303 0
271500 73007 9.26754e+06 56.4844 164073 0
272000 67674.2 8.60736e+06 58.9395 146037 0
272500 61402.1 7.82812e+06 54.4703 143714 0
273000 59431.5 7.58233e+06 60.1938 125965 0
273500 63558.1 8.09656e+06 60.7527 133271 0
274000 70966 9.01555e+06 60.9623 147887 0
274500 76741.2 9.72901e+06 57.6105 168876 0
275000 76118.1 9.65096e+06 62.0362 155570 0
275500 71466.3 9.07634e+06 61.6518 147219 0
276000 65614.9 8.34997e+06 64.7626 128932 0
276500 64064.1 8.15819e+06 59.7617 136512 0
277000 66067.9 8.40866e+06 54.9631 152987 0
277500 69472.3 8.83142e+06 61.3454 143962 0
278000 71996.1 9.14344e+06 59.5219 153615 0
278500 72810.7 9.24441e+06 58.7796 157273 0
279000 71874.3 9.1284e+06 61.8384 147617 0
279500 69356.5 8.81583e+06 57.9127 152226 0
280000 68051.4 8.65384e+06 59.7402 144858 0
280500 67692.3 8.60869e+06 56.803 151553 0
281000 69311 8.80972e+06 56.9491 154695 0
281500 71630.3 9.09697e+06 62.4909 145573 0
282000 73624.9 9.34538e+06 55.698 167787 0
282500 73658.6 9.34977e+06 56.7621 164718 0
283000 71820.2 9.12195e+06 58.4653 156023 0
283500 69018.8 8.7746e+06 57.3024 153128 0
284000 67806.7 8.62412e+06 62.1385 138789 0
284500 68458.3 8.70496e+06 62.3897 139526 0
285000 71185.2 9.04233e+06 61.1565 147856 0
285500 74801.9 9.48877e+06 61.5433 154180 0
286000 77734 9.85109e+06 60.0673 164001 0
286500 76459.2 9.69468e+06 55.7097 174022 0
287000 71309.6 9.05811e+06 60.7827 149024 0
287500 65779.3 8.37315e+06 54.71 153046 0
288000 64070.9 8.16042e+06 61.3951 132916 0
288500 68438.9 8.70306e+06 64.6837 134548 0
289000 75124 9.5293e+06 60.8226 156674 0
289500 80606.7 1.02058e+07 61.4097 166192 0
290000 80070.7 1.01389e+07 54.8425 184873 0
290500 75226.3 9.54185e+06 59.2424 161064 0
291000 69072.8 8.77964e+06 61.9792 141655 0
291500 66165 8.41903e+06 63.5799 132417 0
292000 68090.9 8.65919e+06 56.2433 153959 0
292500 73228.5 9.29718e+06 57.427 161896 0
293000 77739.1 9.85307e+06 60.968 161610 0
293500 79401.6 1.00574e+07 62.7521 160271 0
294000 77891.6 9.87273e+06 57.7539 170945 0
294500 73116.5 9.28274e+06 59.0223 157275 0
295000 69307.9 8.81042e+06 61.341 143630 0
295500 68885.1 8.75782e+06 60.2687 145313 0
296000 72168.2 9.1643e+06 60.235 152142 0
296500 76636.8 9.716e+06 55.4948 175079 0
297000 80168.8 1.01513e+07 58.6678 173031 0
297500 79143.6 1.00249e+07 64.9798 154278 0
298000 75084 9.52488e+06 58.9226 161651 0
298500 70596.1 8.97002e+06 59.547 150638 0
299000 69136.5 8.78968e+06 60.6194 144998 0
299500 71850.3 9.1257e+06 60.4046 151076 0
300000 76856.1 9.7445e+06 64.4014 151309 0
300500 81145.2 1.02725e+07 64.1531 160125 0
301000 81856.3 1.03596e+07 56.7748 182469 0
301500 78149.3 9.90309e+06 62.8697 157518 0
302000 73075.6 9.27802e+06 59.6869 155445 0
302500 69182.8 8.79605e+06 59.2253 148519 0
303000 69599.1 8.84639e+06 64.3731 137424 0
303500 75188.5 9.53844e+06 63.2006 150923 0
304000 82001.2 1.03776e+07 59.8991 173251 0
304500 85347.8 1.07883e+07 63.0127 171208 0
305000 82472 1.04344e+07 59.145 176421 0
305500 75531.2 9.58063e+06 63.009 152052 0
306000 69055.1 8.77923e+06 61.6844 142325 0
306500 68543.8 8.71634e+06 61.4385 141871 0
307000 73586.9 9.34068e+06 61.9276 150832 0
307500 80058.4 1.01381e+07 62.926 161111 0
308000 83531.8 1.05654e+07 67.2046 157212 0
308500 82540.6 1.04451e+07 56.1905 185886 0
309000 78678.8 9.96904e+06 62.3479 159894 0
309500 75465.6 9.57312e+06 62.8102 152413 0
310000 74480.9 9.45151e+06 64.0038 147671 0
310500 75936.7 9.63106e+06 63.7899 150981 0
311000 78919.1 9.99886e+06 61.796 161804 0
311500 81319.1 1.02953e+07 63.1198 163107 0
312000 80992.8 1.02541e+07 59.531 172249 0
312500 79209.5 1.00337e+07 63.7103 157490 0
313000 77622.3 9.83898e+06 59.9457 164131 0
313500 76179.8 9.66073e+06 62.5362 154482 0
314000 76580.4 9.70973e+06 58.4569 166101 0
314500 78647.2 9.96517e+06 61.6212 161717 0
315000 81117.1 1.02681e+07 62.7208 163711 0
315500 82764.3 1.04709e+07 63.9564 163720 0
316000 81774.3 1.03489e+07 55.7709 185562 0
316500 78319 9.92503e+06 62.1887 159595 0
317000 72387.3 9.19177e+06 63.0576 145768 0
317500 70757.3 8.99057e+06 61.1034 147137 0
318000 76762.4 9.73253e+06 61.2327 158943 0
318500 86487.6 1.09288e+07 57.2772 190806 0
319000 91074.1 1.14882e+07 60.0979 191158 0
319500 88189.6 1.11352e+07 60.0043 185574 0
320000 80180.6 1.01528e+07 62.8651 161501 0
320500 73866.6 9.37499e+06 60.7431 154338 0
321000 72944.6 9.26098e+06 63.8458 145052 0
321500 77628.7 9.8397e+06 61.8899 158987 0
322000 83209.9 1.05267e+07 59.3509 177363 0
322500 86280.4 1.09029e+07 59.4655 183347 0
323000 85639.7 1.08246e+07 61.7697 175242 0
323500 81981.7 1.03749e+07 64.6086 160581 0
324000 78866.5 9.99183e+06 60.6637 164708 0
324500 77608.1 9.83615e+06 63.2018 155631 0
325000 79779.6 1.01047e+07 60.1933 167871 0
325500 83132.4 1.05177e+07 57.4743 182998 0
326000 85082.4 1.07561e+07 60.4031 178072 0
326500 85392.4 1.07941e+07 60.8113 177501 0
327000 83815.5 1.0601e+07 55.2851 191752 0
327500 81297.8 1.02924e+07 60.2303 170884 0
328000 79241.2 1.0039e+07 58.9604 170266 0
328500 79546.3 1.00758e+07 60.2704 167177 0
329000 82914.9 1.04906e+07 61.4088 170832 0
329500 88555.5 1.11822e+07 58.1101 192431 0
330000 92666.4 1.16841e+07 61.362 190412 0
330500 89949.8 1.13525e+07 58.4239 194312 0
331000 80929.8 1.02468e+07 59.0004 173674 0
331500 72758.5 9.23919e+06 59.4632 155377 0
332000 73032.8 9.27275e+06 59.8482 154938 0
332500 80820.1 1.0232e+07 61.2124 167156 0
333000 89016.3 1.12362e+07 61.7809 181871 0
333500 92625.7 1.16788e+07 59.8603 195101 0
334000 89513.7 1.1298e+07 59.7271 189160 0
334500 83800.9 1.05982e+07 65.1458 162685 0
335000 79715 1.00956e+07 62.5658 161359 0
335500 79968.7 1.01288e+07 62.0424 163256 0
336000 83033.4 1.05054e+07 57.9179 181385 0
336500 87090.1 1.10022e+07 60.5078 181831 0
337000 89381.8 1.12825e+07 65.2318 172960 0
337500 89020.5 1.12388e+07 60.8677 184644 0
338000 85549 1.08131e+07 63.2366 170994 0
338500 82572.9 1.04478e+07 61.0651 171092 0
339000 81538.1 1.03204e+07 65.42 157756 0
339500 83354.6 1.05434e+07 60.475 174344 0
340000 86683.8 1.09518e+07 58.7108 186539 0
340500 89732.1 1.13242e+07 60.4466 187341 0
341000 90458.1 1.14131e+07 59.2504 192625 0
341500 87807 1.10898e+07 63.4353 174820 0
342000 82439.8 1.04315e+07 58.5689 178107 0
342500 77922.1 9.87517e+06 60.4997 163227 0
343000 78820 9.98542e+06 60.4349 165226 0
343500 88666.3 1.11954e+07 57.7456 193874 0
344000 99353.4 1.24986e+07 59.28 210839 0
344500 100298 1.26116e+07 62.8692 200601 0
345000 91665.3 1.15609e+07 58.5274 197529 0
345500 81804.3 1.0354e+07 61.8576 167385 0
346000 78273.8 9.91975e+06 61.2029 162080 0
346500 81171.5 1.02751e+07 62.7952 163628 0
347000 87913.4 1.11019e+07 60.9772 182066 0
347500 93490.1 1.17835e+07 65.6767 179416 0
348000 94726 1.19351e+07 56.1346 212616 0
348500 90537.2 1.14223e+07 59.714 191284 0
349000 85601.6 1.08191e+07 57.45 188321 0
349500 83027.6 1.05035e+07 59.0341 177923 0
350000 84195.5 1.06462e+07 60.7782 175165 0
350500 88321.4 1.11512e+07 65.2825 170815 0
351000 92234.3 1.16289e+07 59.2255 196350 0
351500 93600.1 1.17968e+07 61.8825 190632 0
352000 91166.6 1.14995e+07 56.6356 203043 0
352500 87145.5 1.10076e+07 55.0873 199822 0
353000 84222 1.06491e+07 60.6285 175645 0
353500 84881.3 1.073e+07 63.5985 168715 0
354000 88641.5 1.11904e+07 60.9731 183531 0
354500 92590.4 1.16721e+07 65.9733 176921 0
355000 94765.6 1.19375e+07 58.2072 205085 0
355500 92890.4 1.17101e+07 59.2194 197742 0
356000 88076 1.11211e+07 57.7232 192662 0
356500 84567.2 1.06908e+07 62.5496 170917 0
357000 84790.9 1.07189e+07 59.5961 179859 0
357500 88809.8 1.12108e+07 58.2313 192521 0
358000 94232 1.18724e+07 60.4274 196473 0
358500 97971.9 1.2328e+07 54.8315 224834 0
359000 96027.4 1.20919e+07 59.7509 202372 0
359500 89352.9 1.12785e+07 57.7942 195149 0
360000 82990.7 1.04995e+07 58.3615 179905 0
360500 81866.6 1.03606e+07 59.5248 174056 0
361000 88704.4 1.11995e+07 58.0848 192812 0
361500 97418 1.2262e+07 60.1006 204024 0
362000 101332 1.27374e+07 60.5391 210400 0
362500 97697.9 1.22972e+07 61.4393 200152 0
363000 90853.6 1.14629e+07 58.4144 196233 0
363500 86648.9 1.09484e+07 56.9528 192236 0
364000 87561.8 1.10601e+07 56.001 197499 0
364500 91432 1.15326e+07 60.1994 191573 0
365000 94877.8 1.19519e+07 58.7388 203476 0
365500 96239.6 1.21176e+07 66.5573 182062 0
366000 94334 1.1885e+07 65.563 181276 0
366500 91208.8 1.15037e+07 60.6642 189629 0
367000 88792.7 1.12079e+07 63.8726 175473 0
367500 89574.5 1.13041e+07 63.7188 177406 0
368000 92616.3 1.16764e+07 54.5726 213961 0
368500 95838.1 1.20693e+07 64.2306 187906 0
369000 96848.2 1.21925e+07 59.4206 205190 0
369500 95517.5 1.20319e+07 65.3614 184083 0
370000 92397.9 1.16514e+07 61.0583 190825 0
370500 90034.3 1.13626e+07 57.3557 198107 0
371000 90828.3 1.14598e+07 60.192 190388 0
371500 94609.7 1.19209e+07 55.257 215736 0
372000 98518.1 1.23968e+07 58.9698 210222 0
372500 98888.5 1.24397e+07 61.5839 201996 0
373000 95904.8 1.20777e+07 60.0322 201186 0
373500 91448.4 1.15349e+07 65.6385 175734 0
374000 88235.5 1.11412e+07 59.9626 185802 0
374500 89950.1 1.13514e+07 63.2509 179466 0
375000 95670.9 1.20491e+07 62.0684 194126 0
375500 101217 1.27225e+07 58.2869 218273 0
376000 102382 1.28646e+07 61.6895 208538 0
376500 97665.1 1.22922e+07 60.3349 203732 0
377000 91156 1.1499e+07 62.987 182562 0
377500 88087.5 1.11237e+07 59.8986 185709 0
378000 91133 1.1497e+07 58.5456 196376 0
378500 97210.5 1.22364e+07 58.3356 209759 0
379000 102209 1.28431e+07 60.0569 213849 0
379500 102130 1.28325e+07 60.3246 212724 0
380000 97669.9 1.22914e+07 54.5132 225475 0
380500 92561.5 1.16691e+07 59.8767 194886 0
381000 90669.7 1.1438e+07 57.7827 197949 0
381500 92995.2 1.17213e+07 62.0871 188788 0
382000 97952.9 1.23258e+07 54.9637 224254 0
382500 101451 1.27503e+07 59.411 214612 0
383000 101572 1.27656e+07 62.3308 204804 0
383500 98078.7 1.23406e+07 61.2804 201380 0
384000 94256.8 1.18779e+07 59.8708 198393 0
384500 92726.7 1.16914e+07 61.7946 189197 0
385000 95096.8 1.19802e+07 59.061 202844 0
385500 99253.1 1.24844e+07 65.8456 189602 0
386000 102733 1.29075e+07 58.6526 220068 0
386500 101774 1.27906e+07 62.4676 204755 0
387000 97762.9 1.23021e+07 67.6107 181955 0
387500 94107.2 1.18576e+07 62.0284 191163 0
388000 93475.7 1.17818e+07 61.957 190161 0
388500 95891.5 1.20749e+07 60.6761 199005 0
389000 100843 1.26776e+07 56.7973 223207 0
389500 103977 1.30571e+07 59.5186 219379 0
390000 103180 1.29602e+07 57.9323 223714 0
390500 98259.1 1.23635e+07 62.4238 198058 0
391000 92718.5 1.16882e+07 61.7338 189333 0
391500 91925.7 1.15915e+07 60.2369 192432 0
392000 96933.5 1.22014e+07 65.1711 187221 0
392500 104569 1.31272e+07 61.251 214318 0
393000 109083 1.36729e+07 62.9572 217177 0
393500 105597 1.32525e+07 61.7184 214725 0
394000 97261.6 1.22437e+07 56.5992 216323 0
394500 90776.3 1.14519e+07 57.1133 200512 0
395000 92423 1.16525e+07 59.2344 196718 0
395500 99963.8 1.25716e+07 57.2858 219454 0
396000 105893 1.32893e+07 56.2293 236342 0
396500 106318 1.33392e+07 64.9344 205426 0
397000 102869 1.29228e+07 61.67 209547 0
397500 98649.4 1.24107e+07 61.178 202862 0
398000 96775.1 1.21813e+07 62.8735 193743 0
398500 98563 1.2399e+07 62.4191 198641 0
399000 101839 1.27963e+07 60.4439 211705 0
399500 103584 1.30058e+07 59.2123 219647 0
400000 104171 1.30805e+07 58.5873 223264 0
400500 101957 1.28116e+07 54.687 234271 0
401000 99617.3 1.25277e+07 58.7394 213275 0
401500 99016.7 1.24554e+07 58.2681 213760 0
402000 100170 1.25952e+07 60.2611 209011 0
402500 102657 1.28968e+07 61.06 211215 0
403000 105052 1.31872e+07 60.8187 216828 0
403500 105261 1.32118e+07 59.7446 221138 0
404000 102991 1.29377e+07 64.4071 200874 0
404500 99313.2 1.24918e+07 60.1552 207660 0
405000 97836.6 1.23125e+07 59.6555 206394 0
405500 100373 1.26196e+07 58.6328 215231 0
406000 106344 1.33432e+07 56.9536 234282 0
406500 110657 1.38644e+07 54.1492 256040 0
407000 108851 1.36448e+07 63.5519 214703 0
407500 102072 1.28259e+07 59.6467 215031 0
408000 95267.3 1.19997e+07 62.923 190704 0
408500 95259.8 1.19989e+07 60.885 197075 0
409000 102234 1.28478e+07 61.8822 207617 0
409500 110056 1.37927e+07 61.5391 224128 0
410000 112513 1.40868e+07 59.9111 235128 0
410500 108671 1.36246e+07 56.9888 239075 0
411000 101146 1.2713e+07 57.6022 220703 0
411500 97329.7 1.22506e+07 60.9355 201042 0
412000 99510.5 1.25164e+07 58.2221 214976 0
412500 104842 1.31618e+07 59.1183 222636 0
413000 109277 1.36972e+07 63.8269 214600 0
413500 110145 1.38039e+07 56.3907 244790 0
414000 106106 1.33144e+07 64.0311 207937 0
414500 102071 1.28253e+07 62.8408 204093 0
415000 101008 1.26966e+07 60.9239 208402 0
415500 103475 1.29958e+07 59.5682 218167 0
416000 107387 1.34696e+07 58.8704 228800 0
416500 109474 1.37206e+07 62.854 218293 0
417000 107811 1.35186e+07 62.8308 215159 0
417500 105188 1.32037e+07 62.01 212929 0
418000 102834 1.29186e+07 60.6632 212957 0
418500 103072 1.29461e+07 63.2726 204608 0
419000 105998 1.33015e+07 56.6015 235002 0
419500 109261 1.36957e+07 60.2689 227243 0
420000 110613 1.38582e+07 58.6439 236312 0
420500 108965 1.36612e+07 54.4978 250674 0
421000 104737 1.3148e+07 61.888 212448 0
421500 101810 1.27941e+07 54.3625 235348 0
422000 102564 1.28846e+07 62.0262 207728 0
422500 108093 1.35532e+07 60.3842 224449 0
423000 114710 1.43506e+07 61.2799 234180 0
423500 115967 1.45025e+07 60.7111 238877 0
424000 108982 1.36604e+07 61.161 223351 0
424500 100827 1.26769e+07 61.0361 207694 0
425000 97266.3 1.22421e+07 59.2397 206654 0
425500 103192 1.29596e+07 59.442 218021 0
426000 112459 1.40786e+07 60.9979 230805 0
426500 117367 1.46711e+07 56.8631 258008 0
427000 113824 1.42444e+07 58.7447 242479 0
427500 107306 1.34591e+07 60.2268 223474 0
428000 103120 1.29528e+07 63.1987 204953 0
428500 104028 1.30631e+07 59.2435 220498 0
429000 108612 1.36167e+07 58.4135 233109 0
429500 112915 1.41352e+07 59.1642 238915 0
430000 113501 1.42041e+07 57.1995 248326 0
430500 110942 1.38976e+07 57.5452 241507 0
431000 107038 1.3427e+07 60.1027 223401 0
431500 104842 1.3162e+07 58.0845 226601 0
432000 107072 1.34316e+07 61.061 219969 0
432500 111724 1.39924e+07 58.4711 239305 0
433000 115019 1.4389e+07 59.9073 240187 0
433500 114002 1.42658e+07 61.0308 233748 0
434000 109983 1.3781e+07 57.905 237993 0
434500 106070 1.3309e+07 60.0017 221810 0
435000 105265 1.32123e+07 59.8182 220874 0
435500 109491 1.37241e+07 61.6285 222691 0
436000 114760 1.43573e+07 65.7352 218411 0
436500 116950 1.46184e+07 64.1372 227924 0
437000 114126 1.42799e+07 63.0083 226636 0
437500 108222 1.35688e+07 59.0157 229919 0
438000 104305 1.3098e+07 61.3537 213483 0
438500 105452 1.32364e+07 60.9289 217243 0
439000 112586 1.40958e+07 57.4315 245437 0
439500 120957 1.50999e+07 64.8443 232864 0
440000 122618 1.52978e+07 60.2815 253773 0
440500 114324 1.43037e+07 60.6194 235959 0
441000 102257 1.28469e+07 62.6302 205123 0
441500 98664.5 1.24108e+07 61.4331 202022 0
442000 107484 1.34823e+07 60.0554 224498 0
442500 117204 1.46509e+07 61.875 236783 0
443000 120611 1.50594e+07 62.5723 240671 0
443500 117020 1.46276e+07 58.3413 250726 0
444000 111905 1.40139e+07 55.7304 251459 0
444500 108369 1.3587e+07 59.2481 229323 0
445000 109155 1.36827e+07 59.327 230632 0
445500 113360 1.41901e+07 55.1764 257178 0
446000 116525 1.45686e+07 61.8078 235709 0
446500 117032 1.46286e+07 63.99 228608 0
447000 114683 1.43462e+07 61.336 233896 0
447500 111206 1.39294e+07 61.9719 224769 0
448000 109803 1.37609e+07 58.2356 236297 0
448500 111770 1.39978e+07 63.0023 222179 0
449000 116255 1.45373e+07 58.4502 248713 0
449500 118807 1.48423e+07 57.2411 259293 0
450000 117902 1.47344e+07 59.5634 247373 0
450500 113288 1.418e+07 56.3084 251828 0
451000 108765 1.36358e+07 56.0199 243411 0
451500 108443 1.3596e+07 58.9343 230698 0
452000 114486 1.43236e+07 59.4588 240899 0
452500 123216 1.53694e+07 58.3294 263492 0
453000 126422 1.57545e+07 56.5025 278828 0
453500 118998 1.48663e+07 61.7579 240720 0
454000 107191 1.34453e+07 61.2291 219590 0
454500 103320 1.29767e+07 61.3864 211395 0
455000 110414 1.38337e+07 61.5558 224734 0
455500 119960 1.49806e+07 58.1003 257841 0
456000 123423 1.53951e+07 54.7247 281320 0
456500 120309 1.50236e+07 58.4207 257162 0
457000 115182 1.44079e+07 60.4773 238236 0
457500 111829 1.4003e+07 66.5056 210554 0
458000 113423 1.41981e+07 57.7401 245898 0
458500 116327 1.45452e+07 59.4628 244610 0
459000 120056 1.49932e+07 60.1452 249283 0
459500 120887 1.50927e+07 59.5318 253523 0
460000 117676 1.47061e+07 57.9646 253708 0
460500 114609 1.43395e+07 62.4397 229653 0
461000 113559 1.42123e+07 59.4472 239074 0
461500 116209 1.45325e+07 62.7179 231713 0
462000 119882 1.49713e+07 62.4355 239787 0
462500 122190 1.52472e+07 59.4205 256599 0
463000 120434 1.50377e+07 62.488 240650 0
463500 115950 1.45011e+07 62.9729 230275 0
464000 112486 1.40866e+07 58.8832 239230 0
464500 113024 1.41486e+07 62.3435 226946 0
465000 119651 1.49443e+07 57.6191 259364 0
465500 126264 1.5735e+07 59.8749 262798 0
466000 126856 1.58067e+07 61.9384 255200 0
466500 118962 1.48632e+07 64.962 228798 0
467000 109557 1.37305e+07 58.1121 236277 0
467500 108456 1.35974e+07 58.8763 230948 0
468000 116885 1.46128e+07 58.5784 249457 0
468500 126300 1.57406e+07 55.8492 281840 0
469000 127451 1.58776e+07 54.368 292039 0
469500 121432 1.51566e+07 57.1568 265176 0
470000 116851 1.4608e+07 54.4415 268325 0
470500 116238 1.45347e+07 63.6624 228309 0
471000 118758 1.4838e+07 59.7914 248163 0
471500 121426 1.5157e+07 57.8185 262148 0
472000 122570 1.52928e+07 57.1515 267584 0
472500 121518 1.51673e+07 58.7309 258252 0
473000 119519 1.4929e+07 54.785 272502 0
473500 118202 1.47706e+07 55.371 266758 0
474000 118650 1.48247e+07 61.5565 240831 0
474500 121513 1.51685e+07 58.1559 260825 0
475000 124073 1.54749e+07 56.475 274014 0
475500 123530 1.5407e+07 62.5027 246501 0
476000 120917 1.50948e+07 59.6075 253237 0
476500 117868 1.4732e+07 61.2898 240366 0
477000 116985 1.46256e+07 61.9615 236043 0
477500 120472 1.50426e+07 59.7036 251955 0
478000 126234 1.57311e+07 59.3284 265153 0
478500 128770 1.60341e+07 59.5743 269145 0
479000 125141 1.5602e+07 56.8156 274608 0
479500 117436 1.46795e+07 61.1189 240179 0
480000 113212 1.41715e+07 57.783 245254 0
480500 116732 1.45926e+07 62.3299 234119 0
481000 126223 1.57305e+07 60.1131 261682 0
481500 131771 1.63911e+07 60.8814 269230 0
482000 128856 1.60449e+07 60.4538 265407 0
482500 120506 1.50454e+07 58.3887 257677 0
483000 115534 1.44494e+07 61.0256 236776 0
483500 117865 1.47307e+07 58.9668 249814 0
484000 123866 1.54484e+07 60.1088 257007 0
484500 128788 1.60351e+07 57.5553 278604 0
485000 128472 1.59981e+07 58.0404 275637 0
485500 124584 1.55361e+07 57.7103 269208 0
486000 119653 1.49447e+07 58.0139 257605 0
486500 118430 1.47967e+07 58.1238 254572 0
487000 122661 1.53058e+07 59.1001 258981 0
487500 127806 1.592e+07 59.8859 265839 0
488000 129649 1.614e+07 57.9345 278591 0
488500 126232 1.57309e+07 59.2268 265605 0
489000 121516 1.51674e+07 58.9115 257460 0
489500 119028 1.48688e+07 60.9907 243788 0
490000 121972 1.52234e+07 58.25 261345 0
490500 127278 1.58561e+07 60.058 264013 0
491000 130904 1.62881e+07 57.8852 281386 0
491500 129291 1.60957e+07 56.0201 287320 0
492000 123648 1.54218e+07 61.0988 252408 0
492500 119698 1.49504e+07 59.872 249706 0
493000 120146 1.50038e+07 60.8154 246711 0
493500 126693 1.5788e+07 56.3653 280101 0
494000 132171 1.64374e+07 58.3045 281924 0
494500 132582 1.64873e+07 60.0375 274617 0
495000 126474 1.576e+07 55.7168 282860 0
495500 118532 1.48099e+07 56.3003 263051 0
496000 117358 1.46706e+07 62.3316 235363 0
496500 125004 1.55861e+07 56.1523 277568 0
497000 135315 1.68125e+07 59.2307 283847 0
497500 137832 1.71094e+07 62.8743 272121 0
498000 129944 1.61732e+07 57.4321 281606 0
498500 119931 1.49774e+07 60.4393 247809 0
499000 118337 1.47863e+07 61.956 238658 0
499500 124536 1.55277e+07 58.4751 265543 0
500000 131371 1.63438e+07 62.2797 262426 0
500500 132444 1.64702e+07 55.8359 294975 0
501000 129154 1.6078e+07 58.4823 274922 0
501500 125634 1.56587e+07 59.6476 262521 0
502000 124346 1.55043e+07 58.0955 266876 0
502500 126368 1.57469e+07 57.1622 275478 0
503000 129772 1.61526e+07 60.4859 267048 0
503500 131470 1.63531e+07 62.9095 259946 0
504000 129920 1.61694e+07 65.649 246301 0
504500 127453 1.58768e+07 59.6258 266275 0
505000 125087 1.55931e+07 63.1314 246995 0
505500 126587 1.57727e+07 62.6114 251915 0
506000 130097 1.61909e+07 63.0733 256699 0
506500 132533 1.64799e+07 59.4071 277407 0
507000 131807 1.63925e+07 57.9889 282684 0
507500 128319 1.59805e+07 60.1252 265787 0
508000 123311 1.53814e+07 58.3678 263526 0
508500 123810 1.54424e+07 57.3463 269283 0
509000 130879 1.62839e+07 59.9091 271810 0
509500 140053 1.73754e+07 58.2868 298102 0
510000 138885 1.72314e+07 59.1935 291104 0
