# Time-averaged data for fix log
# TimeStep v_P v_V v_E
20000 -0.0334712 9918.04 -0.000161937
20200 0.02833 9917.98 0.000134119
20400 0.040527 9919.03 0.000187336
20600 0.121206 9922.27 0.000549531
20800 0.0582995 9930.49 0.000273456
21000 -0.0127404 9940.21 -5.97173e-05
21200 0.0349784 9945.47 0.000163588
21400 0.0496678 9946.27 0.000231098
21600 0.0833392 9943.58 0.000385
21800 0.0715026 9937.84 0.000327203
22000 0.0500473 9926.71 0.000231851
22200 -0.0299969 9909.94 -0.000142885
22400 0.0497301 9883.11 0.000232131
22600 0.00633699 9848.33 2.9533e-05
22800 0.124592 9806.59 0.000565642
23000 0.0836986 9763.47 0.000379375
23200 0.037776 9718.14 0.000173252
23400 0.00167905 9669.31 7.96072e-06
23600 0.0542332 9618.11 0.000250536
23800 0.0356372 9567.84 0.000161916
24000 0.0577171 9519.39 0.000260839
24200 0.0128985 9473.04 5.87012e-05
24400 0.0786308 9424.99 0.000345607
24600 0.0584522 9374.54 0.000258304
24800 0.116861 9322.11 0.000504584
25000 0.142732 9270.19 0.000615494
25200 0.12898 9218.76 0.000554981
25400 0.155492 9168.06 0.00066249
25600 0.181572 9120.14 0.000765938
25800 0.0986491 9073.4 0.00042571
26000 0.125361 9027.04 0.000536184
26200 0.075443 8980.18 0.000325314
26400 0.0404829 8930.06 0.000176812
26600 0.0655089 8877.2 0.000283272
26800 0.175944 8824.45 0.00072586
27000 0.0866017 8773.16 0.000370157
27200 0.166538 8722.86 0.000691897
27400 0.194209 8676.29 0.000789027
27600 0.216232 8632.56 0.000880229
27800 0.210873 8590.72 0.000852043
28000 0.201216 8548.72 0.000815402
28200 0.165756 8506.85 0.00066282
28400 0.198821 8463.3 0.000814046
28600 0.156763 8419.64 0.000639961
28800 0.157378 8374.46 0.000632337
29000 0.262553 8327.56 0.00102863
29200 0.285662 8282.23 0.00112167
29400 0.333853 8240.24 0.00128354
29600 0.297688 8201.48 0.00116175
29800 0.278414 8164.63 0.00109328
30000 0.346828 8128.2 0.00132702
30200 0.294599 8092.75 0.00112715
30400 0.342483 8056.32 0.00129832
30600 0.400161 8019.53 0.00149013
30800 0.328881 7984.53 0.00124597
31000 0.390132 7950.4 0.00144784
31200 0.421508 7916.4 0.00156294
31400 0.363732 7882.68 0.0013534
31600 0.463985 7849.57 0.00166865
31800 0.44906 7818.33 0.00163155
32000 0.453251 7788.11 0.00164422
32200 0.525703 7759.61 0.00187027
32400 0.498148 7732.88 0.00179064
32600 0.523269 7706.4 0.00186252
32800 0.500348 7680.27 0.00178769
33000 0.549517 7654.71 0.00194803
33200 0.57444 7629.85 0.0020144
33400 0.521457 7605.7 0.00185683
33600 0.550415 7581.57 0.00196408
33800 0.599206 7557.72 0.00209822
34000 0.654056 7534.73 0.00226185
34200 0.605674 7513.22 0.00212666
34400 0.671409 7492.64 0.00231344
34600 0.670313 7472.97 0.00233673
34800 0.64794 7454.3 0.00224724
35000 0.653004 7436.29 0.0022743
35200 0.627594 7418.46 0.00218207
35400 0.622455 7400.37 0.00217978
35600 0.631137 7381.53 0.00217551
35800 0.76475 7361.49 0.00255767
36000 0.816626 7342.39 0.00275739
36200 0.799916 7326.54 0.00270924
36400 0.783152 7313.15 0.00262783
36600 0.776805 7299.57 0.00262205
36800 0.780885 7286.22 0.00261657
37000 0.840559 7273.01 0.00281651
37200 0.910287 7262.12 0.00297503
37400 0.804439 7253.59 0.00270613
37600 0.847655 7245.67 0.00282263
37800 0.869205 7237.1 0.00286181
38000 0.776675 7227.39 0.00263666
38200 0.85448 7216.87 0.00285268
38400 0.927218 7206.52 0.00302706
38600 0.88674 7196.13 0.00290436
38800 0.833224 7185.73 0.00277884
39000 0.917136 7174.26 0.00296626
39200 0.951159 7162.62 0.00310257
39400 0.968071 7152.52 0.00313753
39600 0.934918 7143.52 0.00304071
39800 0.931738 7134.04 0.00302595
40000 0.899533 7121.84 0.00293683
40200 0.875765 7107.64 0.00287218
40400 1.02548 7093.18 0.00329372
40600 0.957385 7079.69 0.00311803
40800 1.02695 7066.34 0.00331241
41000 1.02319 7054.05 0.00330138
41200 1.14448 7043.55 0.00360673
41400 1.02713 7036.4 0.00329248
41600 0.985543 7030.72 0.00317446
41800 1.01215 7024.52 0.00326929
42000 1.06373 7017.2 0.00338055
42200 1.06193 7009.52 0.00342618
42400 1.08349 7001.72 0.0034234
42600 1.12954 6993.04 0.00357065
42800 1.10198 6985.27 0.00351117
43000 1.20106 6978.75 0.00376754
43200 1.22274 6975.16 0.00380755
43400 1.19622 6974.34 0.00372087
43600 1.12194 6973.04 0.00352543
43800 1.17185 6968.94 0.00365098
44000 1.11446 6963.06 0.00355059
44200 1.26038 6955.36 0.0039017
44400 1.21635 6947.97 0.00378775
44600 1.18485 6941.34 0.00377081
44800 1.12483 6934.02 0.00356627
45000 1.18481 6923.24 0.00371526
45200 1.2139 6911.03 0.00382685
45400 1.22141 6900.01 0.0037823
45600 1.32723 6891.84 0.00408564
45800 1.35052 6887.83 0.00419223
46000 1.33424 6886.77 0.00406262
46200 1.33167 6885.63 0.00410818
46400 1.24211 6883.16 0.00385181
46600 1.33376 6877.69 0.00411537
46800 1.23853 6870.62 0.00386967
47000 1.26819 6861.06 0.00395219
47200 1.34147 6850.18 0.00409934
47400 1.27233 6839.63 0.00396264
47600 1.37366 6828.48 0.00424188
47800 1.48629 6817.94 0.00442337
48000 1.4699 6808.84 0.00440743
48200 1.51323 6803.58 0.0045128
48400 1.4957 6803.16 0.00446436
48600 1.39158 6804.74 0.00419573
48800 1.31518 6805.08 0.00403636
49000 1.44896 6803.01 0.00426039
49200 1.38604 6798.15 0.00426177
49400 1.43353 6790.98 0.00431723
49600 1.51178 6783.13 0.00455982
49800 1.45439 6776.41 0.00437908
50000 1.45238 6769.23 0.0044029
50200 1.38218 6761.26 0.00424068
50400 1.52707 6752.11 0.00453895
50600 1.57822 6743.83 0.00470541
50800 1.56969 6738.58 0.00470597
51000 1.54043 6734.81 0.00458992
51200 1.56825 6730.76 0.00473036
51400 1.55478 6727.6 0.0046393
51600 1.56726 6724.81 0.00466922
51800 1.60631 6722.31 0.00478751
52000 1.49454 6720.94 0.00445296
52200 1.4559 6717.86 0.00442683
52400 1.46717 6712.29 0.00447115
52600 1.55744 6703.66 0.00468906
52800 1.66081 6692.87 0.00490445
53000 1.7324 6682.23 0.00505474
53200 1.61787 6673.65 0.00480477
53400 1.62099 6665.36 0.00485481
53600 1.59139 6656.75 0.00482458
53800 1.70467 6647.67 0.0050287
54000 1.70636 6639.55 0.00506725
54200 1.84528 6633.58 0.00529383
54400 1.89297 6630.6 0.00542847
54600 1.79412 6631.69 0.0051938
54800 1.66696 6633.39 0.00495328
55000 1.77273 6633.1 0.00514714
55200 1.74096 6631.43 0.0050852
55400 1.81891 6629.82 0.00522699
55600 1.77179 6629.35 0.00511187
55800 1.74537 6629.07 0.0050729
56000 1.78202 6628.52 0.00523234
56200 1.69636 6627.39 0.0050156
56400 1.75816 6624.04 0.00511906
56600 1.61341 6618.53 0.00489639
56800 1.74598 6609.25 0.00507864
57000 1.81421 6596.76 0.00524875
57200 1.88091 6583.72 0.00546633
57400 1.88907 6572.98 0.00548965
57600 1.91808 6565.15 0.00544873
57800 1.90207 6559.93 0.00545549
58000 1.89707 6555.99 0.00549106
58200 1.91806 6552.31 0.00550463
58400 1.881 6549.69 0.00550333
58600 2.01557 6548.07 0.00567307
58800 2.11374 6548.66 0.00589447
59000 1.95268 6552.94 0.00562687
59200 1.85795 6557.43 0.00539256
59400 1.92707 6558.08 0.00548483
59600 1.88043 6555.15 0.00542857
59800 1.91123 6549.23 0.00540467
60000 2.0147 6541.3 0.00566477
60200 1.98376 6533.22 0.00562433
60400 2.01221 6523.93 0.00578708
60600 2.05281 6513.47 0.00580826
60800 1.97709 6502.94 0.00566143
61000 2.09601 6492.76 0.00590603
61200 2.00621 6484.74 0.00570339
61400 2.10929 6477.29 0.00597953
61600 2.03815 6470.15 0.00580379
61800 2.15787 6463.15 0.00602647
62000 2.15959 6458.47 0.00599622
62200 2.17289 6456.69 0.00607633
62400 2.1197 6458.37 0.00597385
62600 2.1695 6461.99 0.00602795
62800 2.10178 6465.71 0.00588892
63000 2.03037 6467.56 0.00580205
63200 2.10622 6466.47 0.00591634
63400 2.17418 6462.92 0.00607096
63600 2.20097 6459 0.00616307
63800 2.12373 6456.23 0.0060215
64000 2.16898 6453.16 0.00603851
64200 2.21173 6448.77 0.00612255
64400 2.28694 6442.8 0.00631761
64600 2.18492 6436.6 0.0060838
64800 2.17152 6429.92 0.00607735
65000 2.21717 6423.24 0.00619127
65200 2.1988 6417.03 0.00613978
65400 2.275 6409.76 0.00633308
65600 2.22694 6402.13 0.00622917
65800 2.43962 6395.24 0.00660105
66000 2.33469 6393.08 0.00639286
66200 2.26979 6393.04 0.00632826
66400 2.25067 6392.66 0.00628089
66600 2.32701 6392.37 0.00640258
66800 2.38698 6392.5 0.00656446
67000 2.33562 6393.6 0.00648422
67200 2.36474 6394.85 0.00645802
67400 2.24924 6395.18 0.00630768
67600 2.27881 6391.9 0.00632988
67800 2.2561 6384.78 0.00633509
68000 2.4383 6375.27 0.00656207
68200 2.48226 6365.7 0.00673783
68400 2.5112 6360 0.00678543
68600 2.49754 6357.52 0.00672837
68800 2.39345 6355.54 0.0066092
69000 2.37875 6352.61 0.00655768
69200 2.42532 6348.06 0.00669968
69400 2.41718 6343.79 0.00664484
69600 2.58836 6340.13 0.00684811
69800 2.51585 6338.53 0.00675646
70000 2.51463 6337.46 0.00678365
70200 2.5468 6334.94 0.00684044
70400 2.47514 6331.03 0.00677536
70600 2.59171 6325.54 0.00689402
70800 2.57451 6320.72 0.00695322
71000 2.52474 6316.86 0.00684689
71200 2.45472 6311.76 0.00667835
71400 2.50612 6304 0.00671116
71600 2.6357 6295.59 0.00705419
71800 2.66108 6289.74 0.00715877
72000 2.59703 6288.16 0.00707171
72200 2.64164 6289.13 0.00708859
72400 2.58651 6290.29 0.00698769
72600 2.56736 6289.91 0.00697649
72800 2.57697 6287.45 0.0069609
73000 2.65267 6283.73 0.00706984
73200 2.70404 6280.07 0.0071456
73400 2.58682 6275.87 0.00697018
73600 2.67244 6269.62 0.00722968
73800 2.73633 6262.58 0.00730915
74000 2.7104 6256.91 0.00724799
74200 2.83988 6254.56 0.00738586
74400 2.71878 6255.53 0.00727018
74600 2.74917 6257.73 0.00727642
74800 2.63993 6259.22 0.00707765
75000 2.66439 6258.35 0.00714991
75200 2.75218 6255.28 0.00725899
75400 2.72126 6249.86 0.00728458
75600 2.90931 6244.19 0.00756323
75800 2.91598 6240.78 0.0075818
76000 2.87931 6240.25 0.00761512
76200 2.72833 6241.51 0.00732226
76400 2.74511 6241 0.00735904
76600 2.81748 6238.33 0.00752705
76800 2.79693 6234.12 0.00741201
77000 2.87632 6229.12 0.00757825
77200 2.93918 6224.25 0.00769868
77400 2.8464 6219.87 0.00750785
77600 2.88308 6215.74 0.00760438
77800 2.84717 6211.88 0.00748054
78000 2.8078 6207.03 0.00742206
78200 2.76698 6199.31 0.00744978
78400 2.8801 6187.98 0.00766663
78600 3.01495 6175.59 0.00787562
78800 3.1448 6166.32 0.00816915
79000 3.13484 6163.58 0.00807057
79200 3.00796 6166.4 0.00790481
79400 2.89174 6172.69 0.00767652
79600 3.03311 6179.56 0.00793825
79800 2.8605 6186.2 0.00760505
80000 3.01945 6191.23 0.00783313
80200 2.98051 6196.11 0.00777367
80400 2.95894 6199.97 0.00781716
80600 2.93989 6202.49 0.00762627
80800 3.04422 6202.04 0.00780705
81000 2.95259 6198.5 0.00763901
81200 2.84895 6190.52 0.0075469
81400 2.88755 6177.62 0.00758253
81600 3.02042 6160.24 0.00793457
81800 3.17744 6141.55 0.00806157
82000 3.11512 6126.29 0.00814895
82200 3.28547 6115.78 0.0083395
82400 3.23628 6109.71 0.00833732
82600 3.26027 6107.86 0.00836873
82800 3.25894 6110.35 0.00839589
83000 3.27457 6116.44 0.00837526
83200 3.25239 6125.74 0.00839929
83400 3.21964 6138 0.00821102
83600 3.18166 6151.34 0.00818766
83800 3.05071 6162.5 0.00793905
84000 3.00475 6168.21 0.00785274
84200 3.05896 6166.53 0.00793646
84400 3.04732 6159.3 0.00800164
84600 3.1299 6149.3 0.00818412
84800 3.22299 6139.19 0.00836359
85000 3.18468 6129.49 0.00812073
85200 3.16619 6118.48 0.00829721
85400 3.28851 6107.44 0.00842124
85600 3.33652 6097.23 0.00857345
85800 3.30071 6089.9 0.00839321
86000 3.40354 6084.09 0.00863871
86200 3.28454 6079.9 0.00841484
86400 3.32325 6075.95 0.00858961
86600 3.40505 6073.77 0.00870109
86800 3.5314 6074.98 0.00878579
87000 3.41868 6081.06 0.00869404
87200 3.40867 6088.89 0.00849249
87400 3.25712 6094.54 0.00831616
87600 3.23118 6095.21 0.00831163
87800 3.31093 6091.51 0.00847873
88000 3.38372 6086 0.00866693
88200 3.50609 6081.39 0.00872169
88400 3.42614 6078.37 0.00867084
88600 3.36754 6075.55 0.00854602
88800 3.44318 6071.15 0.00877714
89000 3.42429 6065.94 0.00878255
89200 3.47373 6060.34 0.00876278
89400 3.52058 6055.27 0.00880138
89600 3.61139 6052.45 0.00894701
89800 3.51692 6052.67 0.00887769
90000 3.51142 6054.79 0.00885186
90200 3.39806 6055.97 0.00863428
90400 3.44505 6053.94 0.00872268
90600 3.44019 6048.95 0.00871971
90800 3.53844 6042.04 0.00883377
91000 3.67062 6036.42 0.00912776
91200 3.63697 6034.84 0.00908803
91400 3.55642 6035.93 0.00892556
91600 3.61596 6036.09 0.00903105
91800 3.52684 6035.01 0.00893181
92000 3.55355 6032.58 0.00885358
92200 3.56958 6029.99 0.00910659
92400 3.58847 6028.38 0.00900705
92600 3.52116 6026.78 0.0088075
92800 3.58237 6021.77 0.00899049
93000 3.6829 6014.33 0.00915071
93200 3.72134 6006.98 0.00927338
93400 3.85922 6001.75 0.00936026
93600 3.70669 6000.18 0.00917049
93800 3.67479 6000.24 0.00918565
94000 3.64425 5999.07 0.00906829
94200 3.65691 5996.25 0.00914366
94400 3.77947 5993.53 0.00929625
94600 3.85582 5991.22 0.00943883
94800 3.73458 5990.07 0.00926057
95000 3.75895 5988.27 0.00930747
95200 3.79424 5984.84 0.0093314
95400 3.74969 5980.85 0.00931015
95600 3.85023 5977.44 0.00947298
95800 3.86884 5976.3 0.0095145
96000 3.69034 5977.04 0.0092713
96200 3.77688 5977.74 0.00931946
96400 3.80361 5976.34 0.00930442
96600 3.82541 5972.06 0.00945688
96800 3.8139 5966.32 0.00946429
97000 3.96679 5961.07 0.00958154
97200 3.94786 5957.84 0.00965503
97400 3.78108 5956.09 0.00963421
97600 3.91561 5954.57 0.00960884
97800 3.92675 5953.13 0.00970487
98000 4.02352 5951.91 0.00983463
98200 3.97288 5952.63 0.00967514
98400 3.98233 5955.56 0.00975138
98600 3.90778 5959.67 0.00953179
98800 3.75653 5963.26 0.0094382
99000 3.71185 5962.6 0.00935681
99200 3.8619 5956.82 0.00947168
99400 3.94263 5947.59 0.00974294
99600 4.08461 5937.81 0.00979664
99800 4.052 5929.27 0.00997038
100000 4.08613 5923.35 0.00993033
100200 4.10441 5919.67 0.00994515
100400 4.14016 5918.29 0.010013
100600 4.10949 5919.46 0.0100424
100800 4.00241 5923.96 0.00991319
101000 4.04481 5929.84 0.0099256
101200 4.00937 5936.32 0.00987263
101400 4.08929 5942.4 0.00988195
101600 4.04657 5948.22 0.00980999
101800 3.98496 5953.15 0.00972777
102000 4.0021 5955.75 0.00973601
102200 3.9141 5953.54 0.0096803
102400 3.98436 5945.74 0.00981758
102600 4.0678 5934.81 0.00989632
102800 4.15443 5923.57 0.0100602
103000 4.2319 5913.63 0.0103026
103200 4.23363 5905.46 0.0101424
103400 4.186 5898.58 0.0101547
103600 4.23496 5893.44 0.0101127
103800 4.22709 5889.89 0.0101409
104000 4.25857 5887.59 0.0103104
104200 4.20514 5886.54 0.0102282
104400 4.21217 5886.14 0.0101843
104600 4.28204 5886.36 0.0102555
104800 4.40946 5888.51 0.0103353
105000 4.30628 5892 0.0102854
105200 4.1791 5895.16 0.0100723
105400 4.19824 5895.97 0.0101393
105600 4.21081 5893.65 0.0101072
105800 4.22543 5888.51 0.0101429
106000 4.34884 5882.45 0.0102556
106200 4.43207 5877.36 0.0104685
106400 4.36616 5874.13 0.0103095
106600 4.39677 5872.04 0.0105201
106800 4.3279 5871.27 0.0103573
107000 4.36614 5869.61 0.0104581
107200 4.40165 5867.7 0.0104788
107400 4.44741 5865.73 0.0106283
107600 4.45729 5865.04 0.010519
107800 4.45271 5865.84 0.0107084
108000 4.46531 5868.21 0.0105826
108200 4.36172 5871.27 0.0105043
108400 4.26895 5873.23 0.0102612
108600 4.30797 5871.3 0.0103812
108800 4.3678 5864.87 0.0104887
109000 4.51819 5854.96 0.0105992
109200 4.56402 5844.46 0.0107401
109400 4.65809 5837.31 0.01085
109600 4.71559 5836.32 0.0110451
109800 4.52164 5840.38 0.0107882
110000 4.44862 5845.32 0.0105796
110200 4.32107 5848.45 0.0104449
110400 4.38865 5848.76 0.0104742
110600 4.53191 5847.09 0.0105834
110800 4.58984 5844.54 0.0106947
111000 4.54578 5842.78 0.0108242
111200 4.48332 5841.15 0.0107126
111400 4.58058 5838.24 0.010937
111600 4.62501 5834.2 0.0110501
111800 4.72086 5831.42 0.0109283
112000 4.67557 5830.77 0.0109262
112200 4.59715 5831.46 0.0108754
112400 4.6186 5832.14 0.0109473
112600 4.62163 5832.29 0.0109754
112800 4.58395 5830.96 0.0108349
113000 4.59511 5828.03 0.0108272
113200 4.68744 5823.77 0.011037
113400 4.67885 5819.58 0.0109466
113600 4.66469 5814.26 0.0109554
113800 4.67163 5806.97 0.0109128
114000 4.63042 5798.31 0.0110141
114200 4.8496 5790.86 0.0112643
114400 4.95486 5788.31 0.0115171
114600 4.77466 5792.28 0.0113294
114800 4.71424 5798.27 0.0109876
115000 4.65163 5802.28 0.0109135
115200 4.66092 5802.74 0.0110464
115400 4.64042 5800.98 0.0109409
115600 4.79333 5798.31 0.0112377
115800 4.8386 5796 0.0113099
116000 4.71275 5794.29 0.0112002
116200 4.86687 5792.41 0.0112753
116400 4.75802 5790.69 0.0111156
116600 4.70567 5786.84 0.0110661
116800 4.75864 5779.48 0.0112986
117000 4.83487 5771.07 0.0112809
117200 4.99926 5763.87 0.0115478
117400 5.05771 5760.54 0.011604
117600 4.89859 5761.63 0.0113047
117800 4.95303 5764.01 0.0114525
118000 4.8517 5766.68 0.0113736
118200 4.90277 5768.79 0.0112997
118400 4.89183 5768.91 0.0114388
118600 4.9594 5768.01 0.0115071
118800 5.01401 5767.91 0.0115807
119000 5.02999 5769.52 0.0115195
119200 4.9775 5773.42 0.0115052
119400 4.93699 5778.16 0.0114158
119600 4.68492 5780.56 0.0112144
119800 4.89982 5777.12 0.011516
120000 4.99635 5769.71 0.0114898
120200 5.10314 5762.04 0.0117348
120400 5.13378 5756.36 0.0118015
120600 5.05738 5752.87 0.0116939
120800 5.05604 5749.29 0.0116053
121000 5.02547 5745.12 0.011624
121200 5.02684 5740.57 0.0116753
121400 5.0565 5736.45 0.0118399
121600 5.05227 5732.91 0.0117535
121800 5.1638 5730.39 0.0117918
122000 5.08418 5730.21 0.0117336
122200 5.11903 5730.87 0.0116062
122400 5.10913 5730.1 0.0116942
122600 5.13235 5728.47 0.0119113
122800 5.2878 5728.07 0.0119857
123000 5.25583 5730.74 0.0119557
123200 5.21197 5735.89 0.0119151
123400 5.05354 5741.77 0.0117822
123600 5.0612 5745.43 0.0117035
123800 5.06751 5745.85 0.0117058
124000 5.13738 5743.99 0.0118834
124200 5.13386 5741.91 0.0118246
124400 5.2761 5739.8 0.0118842
124600 5.0813 5736.59 0.0118557
124800 5.07984 5730.53 0.0119211
125000 5.24401 5721.59 0.0120491
125200 5.32616 5711.65 0.0120242
125400 5.35436 5702.53 0.0121001
125600 5.34292 5694.48 0.0121992
125800 5.38262 5687.96 0.0123391
126000 5.40923 5684.71 0.0123535
126200 5.48596 5686.19 0.0124413
126400 5.52028 5692.73 0.0122602
126600 5.33859 5702.69 0.0121519
126800 5.29144 5712.42 0.0120261
127000 5.12559 5719.13 0.0117693
127200 5.22682 5720.82 0.0119942
127400 5.31678 5717.85 0.0120613
127600 5.46717 5711.83 0.012271
127800 5.34887 5705.22 0.0120183
128000 5.46051 5698.42 0.0121158
128200 5.35721 5691.51 0.0123416
128400 5.39865 5684.52 0.0124416
128600 5.41992 5678.29 0.0123171
128800 5.39154 5673.18 0.01235
129000 5.53241 5668.92 0.0124717
129200 5.43615 5665.46 0.0124366
129400 5.45428 5661.95 0.0124983
129600 5.58416 5658.97 0.0125458
129800 5.72387 5659 0.012795
130000 5.69564 5664.4 0.0126295
130200 5.52128 5674.79 0.0124475
130400 5.38117 5686.53 0.0122938
130600 5.38778 5695.49 0.0121869
130800 5.44624 5700.45 0.0122325
131000 5.41118 5701.87 0.0122678
131200 5.45443 5699.63 0.012377
131400 5.4568 5694.16 0.0124764
131600 5.47439 5685 0.0124199
131800 5.61919 5673.05 0.0127435
132000 5.60982 5660.7 0.012608
132200 5.86577 5650.2 0.0129375
132400 5.7211 5644.66 0.0129432
132600 5.79218 5643.53 0.0130037
132800 5.64399 5645.92 0.0127421
133000 5.76291 5648.81 0.0127264
133200 5.68559 5652.59 0.0125802
133400 5.72546 5657.72 0.0125575
133600 5.70506 5664.38 0.0127315
133800 5.4975 5670.11 0.0123808
134000 5.51053 5670.95 0.0125382
134200 5.53973 5665.46 0.012539
134400 5.74767 5654.62 0.0128273
134600 5.86729 5643.63 0.0129227
134800 5.97794 5637.26 0.0129335
135000 5.87182 5636.51 0.013033
135200 5.78978 5638.64 0.0131045
135400 5.76436 5641.79 0.0128656
135600 5.65578 5643.66 0.0128148
135800 5.73838 5642.93 0.0128099
136000 5.8324 5640.47 0.0127748
136200 5.86222 5637.04 0.0130274
136400 5.94151 5634.93 0.0130403
136600 5.83863 5634.07 0.0130601
136800 5.90106 5633.79 0.0131085
137000 5.82256 5633.28 0.0130242
137200 5.96933 5632.42 0.013178
137400 5.99336 5633.22 0.0133109
137600 5.85662 5635.99 0.0130184
137800 5.83734 5638.59 0.0130236
138000 5.79148 5639.61 0.0130368
138200 5.74804 5637.92 0.0128408
138400 5.83804 5632.89 0.0128523
138600 5.9491 5625.37 0.0129984
138800 5.91309 5617.2 0.0132309
139000 5.91602 5610.16 0.0132167
139200 6.01369 5603.65 0.0134322
139400 5.96051 5598.47 0.0132277
139600 6.09817 5594.54 0.0133447
139800 6.10678 5592.54 0.0134944
140000 6.18272 5594.05 0.0134757
140200 6.18429 5600.45 0.0135108
140400 6.04194 5610.82 0.0132422
140600 5.88318 5621.13 0.0129176
140800 5.75665 5626.58 0.0130424
141000 5.8385 5624.34 0.0128863
141200 6.04445 5615.34 0.013284
141400 6.16428 5605 0.0135359
141600 6.29345 5597.28 0.0137231
141800 6.16465 5594.14 0.0136246
142000 6.15697 5594.34 0.0135738
142200 6.13769 5596.68 0.0133405
142400 6.10226 5598.73 0.013368
142600 6.07143 5599.24 0.013282
142800 6.10776 5598.4 0.0135034
143000 6.20449 5597.3 0.0133437
143200 6.09084 5597.27 0.0134788
143400 6.08699 5597.08 0.0135135
143600 6.07106 5594.77 0.0134213
143800 6.10185 5590.25 0.0135849
144000 6.17068 5585.24 0.0137557
144200 6.2946 5581.15 0.0136669
144400 6.29491 5578.46 0.013793
144600 6.19804 5576.33 0.0137624
144800 6.2275 5573.68 0.0137982
145000 6.28566 5571.37 0.0137892
145200 6.34885 5571.08 0.0136452
145400 6.29806 5572.6 0.0138011
145600 6.22973 5574.79 0.0136008
145800 6.13957 5575.58 0.0137677
146000 6.23345 5573.52 0.0137954
146200 6.21889 5569.53 0.0135228
146400 6.39494 5564.78 0.0138331
146600 6.43228 5561.06 0.0138268
146800 6.36437 5559.12 0.0139197
147000 6.31555 5557.71 0.0137806
147200 6.36244 5555.27 0.0138539
147400 6.41503 5552.27 0.0138239
147600 6.361 5549.68 0.0140163
147800 6.45459 5548.93 0.0138461
148000 6.41529 5550.04 0.0138504
148200 6.47881 5552.21 0.0139126
148400 6.41966 5554.81 0.0139942
148600 6.43962 5557.7 0.0138896
148800 6.44089 5561.86 0.0140889
149000 6.49679 5567.07 0.0139774
149200 6.34259 5571.74 0.0137649
149400 6.24982 5572.03 0.0138455
149600 6.33716 5566.88 0.0137347
149800 6.45701 5556.67 0.0138378
150000 6.65874 5544.99 0.0140508
150200 6.67708 5535.51 0.0142977
150400 6.64892 5531.12 0.0143339
150600 6.65897 5530.21 0.0143068
150800 6.55642 5531.66 0.0142074
151000 6.51607 5534.48 0.0142339
151200 6.48653 5537.29 0.0142854
151400 6.64012 5540.12 0.0141926
151600 6.60286 5543.09 0.0139928
151800 6.47006 5545.06 0.0140765
152000 6.51855 5544.36 0.0140691
152200 6.5464 5539.91 0.0142397
152400 6.65449 5533.37 0.0142211
152600 6.7218 5527.43 0.0142886
152800 6.74111 5524.05 0.0142956
153000 6.59584 5522.93 0.0142385
153200 6.68352 5521.68 0.0144334
153400 6.6646 5520.61 0.0142399
153600 6.7561 5519.37 0.0144968
153800 6.74522 5519 0.0142982
154000 6.79905 5519.86 0.0144064
154200 6.8235 5523 0.0145229
154400 6.64695 5528.04 0.0143016
154600 6.63116 5533.1 0.0142421
154800 6.45829 5535.03 0.0141571
155000 6.59642 5531.01 0.0143273
155200 6.66838 5522.06 0.0142314
155400 6.80196 5509.96 0.0145374
155600 6.90627 5498.94 0.0146769
155800 6.98718 5492.24 0.014866
156000 7.03393 5490.96 0.014876
156200 7.0298 5495.44 0.0147356
156400 6.8779 5503.61 0.0147597
156600 6.69384 5512.97 0.0143732
156800 6.65078 5520.73 0.0144872
157000 6.76634 5525.02 0.0145001
157200 6.67145 5525.26 0.0144414
157400 6.68865 5521.3 0.0143237
157600 6.70585 5512.83 0.0144652
157800 6.77341 5500.29 0.0145199
158000 7.01442 5485.38 0.014844
158200 7.04679 5472.52 0.0149427
158400 7.10891 5464.68 0.0151303
158600 7.20517 5462.85 0.0152239
158800 7.0827 5466.38 0.0150163
159000 6.95929 5473.82 0.0148761
159200 6.84943 5482.7 0.0147509
159400 6.83069 5490.47 0.0146444
159600 6.80926 5495.19 0.0148088
159800 6.86112 5497.01 0.0145714
160000 6.9261 5496 0.0148239
160200 6.95648 5493.27 0.0147026
160400 7.0258 5489.69 0.0149042
160600 7.03808 5485.89 0.0148707
160800 6.95718 5480.22 0.0149874
161000 7.18738 5471.98 0.0150902
161200 7.26134 5464.98 0.0153199
161400 7.26409 5462.33 0.0153505
161600 7.25753 5465.98 0.0151823
161800 7.07477 5473.69 0.0149762
162000 6.83166 5479.81 0.0147701
162200 6.82965 5479.53 0.0147267
162400 7.02546 5473.23 0.0149934
162600 7.29364 5465.04 0.0152255
162800 7.37672 5460.02 0.0151532
163000 7.42559 5459.6 0.0154488
163200 7.01459 5463.17 0.0150203
163400 7.04248 5466.09 0.0149776
163600 7.05821 5465.48 0.0150179
163800 7.12748 5461.88 0.015267
164000 7.26182 5458.1 0.0154314
164200 7.32831 5456.6 0.0154872
164400 7.24196 5458.07 0.0152195
164600 7.1951 5461.09 0.0152778
164800 7.11387 5463.1 0.0151046
165000 7.16324 5461.34 0.0151839
165200 7.2541 5456.52 0.0153778
165400 7.44071 5451.21 0.0153764
165600 7.45655 5448.24 0.0156017
165800 7.38299 5448.75 0.0153448
166000 7.24474 5451.01 0.0154093
166200 7.27798 5452.51 0.015436
166400 7.2636 5451.77 0.0155013
166600 7.41475 5450.76 0.0154243
166800 7.47492 5451.61 0.0155772
167000 7.51844 5455.06 0.0153913
167200 7.39989 5460.18 0.0154546
167400 7.3007 5464.67 0.0152965
167600 7.1562 5465.49 0.0154352
167800 7.0555 5460.99 0.0150363
168000 7.41102 5450.56 0.0155753
168200 7.63521 5439.35 0.0156202
168400 7.6424 5432.63 0.0158878
168600 7.66703 5432.42 0.0157471
168800 7.41564 5437.35 0.0155129
169000 7.39115 5443.2 0.0154925
169200 7.20849 5446.96 0.0152451
169400 7.27466 5446.69 0.015347
169600 7.33062 5442.77 0.0152809
169800 7.65213 5436.98 0.0157912
170000 7.52777 5433.32 0.0155243
170200 7.50238 5431.07 0.015647
170400 7.48335 5428.79 0.0155724
170600 7.52767 5425.91 0.0157088
170800 7.65469 5423.33 0.0157559
171000 7.69371 5422.21 0.0156253
171200 7.51389 5422.28 0.0157209
171400 7.51462 5421.97 0.0155389
171600 7.5972 5420.1 0.0159009
171800 7.64518 5417.16 0.0159095
172000 7.79259 5415.23 0.0160027
172200 7.78784 5417 0.0159265
172400 7.63004 5421.81 0.0158809
172600 7.43456 5427.14 0.0156918
172800 7.42683 5429.56 0.0156451
173000 7.52956 5427.51 0.0154808
173200 7.59849 5421.87 0.0158961
173400 7.79399 5415.89 0.0158185
173600 7.75273 5411.93 0.0159942
173800 7.63459 5409.41 0.0158426
174000 7.67788 5406.88 0.015874
174200 7.752 5403.44 0.0158017
174400 7.78693 5399.09 0.0160927
174600 7.76873 5395.23 0.0162325
174800 7.86104 5393.07 0.0162313
175000 7.89051 5394.9 0.0161682
175200 7.83054 5401.99 0.0162282
175400 7.63672 5412.11 0.015934
175600 7.43091 5419.28 0.0156067
175800 7.49261 5418.5 0.0156741
176000 7.65032 5410.25 0.015814
176200 7.77648 5398.82 0.0161292
176400 8.00733 5388.83 0.0163219
176600 8.09496 5383.39 0.0162985
176800 7.94202 5382.84 0.0163863
177000 7.89477 5386.53 0.0162718
177200 7.8817 5392.79 0.0164437
177400 7.87407 5400.44 0.0161634
177600 7.77931 5407.39 0.0160077
177800 7.69609 5411.18 0.0159054
178000 7.67401 5410.12 0.0160827
178200 7.81385 5403.38 0.0159973
178400 7.88881 5393.06 0.0162711
178600 8.01115 5382.53 0.0162749
178800 8.11238 5374.75 0.0164849
179000 8.13269 5371.39 0.0164604
179200 8.07444 5371.91 0.0165724
179400 8.00519 5375.98 0.0164309
179600 7.9418 5382.12 0.0164526
179800 7.92039 5388.05 0.0164484
180000 7.90632 5392.4 0.0162187
180200 7.99504 5395.09 0.0162286
180400 7.9884 5396.73 0.0162654
180600 7.98586 5397.57 0.016086
180800 8.03823 5396.46 0.0162713
181000 7.97502 5392.67 0.0161012
181200 7.94913 5385.49 0.0162998
181400 8.12079 5375.23 0.0166651
181600 8.27305 5365.41 0.0167233
181800 8.32889 5358.23 0.0167424
182000 8.23603 5355.53 0.016904
182200 8.15298 5356.55 0.0166823
182400 8.09664 5358.83 0.0165262
182600 8.15902 5361.16 0.0168289
182800 8.07579 5364.54 0.0168699
183000 8.19607 5368.62 0.0166623
183200 8.03757 5372.19 0.0164838
183400 8.13009 5373.69 0.0165004
183600 8.0972 5373.29 0.0163958
183800 8.15862 5371.18 0.0166496
184000 8.19069 5368.19 0.0166593
184200 8.12936 5364.47 0.0167281
184400 8.17461 5359.1 0.0166372
184600 8.33255 5352.65 0.0168273
184800 8.3317 5347.44 0.0167919
185000 8.57391 5345.49 0.0170457
185200 8.43854 5349.52 0.0169967
185400 8.23649 5358.73 0.0166212
185600 8.0877 5368.98 0.0162883
185800 8.02054 5374.4 0.0163871
186000 7.99105 5371.63 0.0162863
186200 8.33364 5361.43 0.0168929
186400 8.46984 5350.17 0.0169261
186600 8.56385 5343.64 0.0173675
186800 8.36922 5343.81 0.0168772
187000 8.3746 5346.82 0.0168173
187200 8.21077 5349.85 0.0167113
187400 8.17443 5350.66 0.0167712
187600 8.24773 5347.62 0.0166893
187800 8.46765 5342.47 0.0172457
188000 8.53708 5338.71 0.0170685
188200 8.60785 5338.96 0.0172323
188400 8.45982 5343.8 0.016971
188600 8.27428 5349.56 0.0169974
188800 8.26935 5351.27 0.0167745
189000 8.23188 5347.43 0.0169807
189200 8.49404 5340.46 0.017136
189400 8.44483 5333.96 0.0172902
189600 8.6835 5330.23 0.0173669
189800 8.6429 5330.21 0.0174877
190000 8.59107 5333.2 0.0171853
190200 8.35818 5336.94 0.017219
190400 8.38934 5339.16 0.0170776
190600 8.42392 5339.34 0.017003
190800 8.50759 5337.86 0.0171082
191000 8.52769 5336.08 0.0173718
191200 8.4937 5333.91 0.0172407
191400 8.45999 5330.04 0.0171264
191600 8.63141 5324.55 0.0173831
191800 8.69544 5319.73 0.0175349
192000 8.76819 5317.32 0.0174147
192200 8.73346 5318.38 0.0175447
192400 8.57493 5321.89 0.0171163
192600 8.54814 5325.16 0.0174407
192800 8.39763 5325.66 0.0171906
193000 8.3545 5320.65 0.0172329
193200 8.7999 5310.34 0.0175977
193400 8.88739 5300.83 0.0176824
193600 8.9819 5297 0.0177333
193800 8.78668 5300.45 0.0176299
194000 8.59861 5308.44 0.0174803
194200 8.60236 5316.59 0.017232
194400 8.56298 5321.23 0.0172631
194600 8.6188 5321.7 0.0173139
194800 8.58728 5318.66 0.0173679
195000 8.77094 5312.79 0.0173469
195200 8.82366 5306.15 0.0176538
195400 8.8308 5300.77 0.0177096
195600 8.82487 5297.43 0.0176404
195800 8.81775 5295.29 0.0176572
196000 8.82974 5293.74 0.0177528
196200 8.96733 5292.68 0.0179458
196400 8.95333 5294.53 0.017945
196600 8.8609 5299.69 0.0179616
196800 8.74093 5306.67 0.0174549
197000 8.68938 5312.89 0.0175042
197200 8.7465 5316.24 0.0175385
197400 8.85565 5316.53 0.017392
197600 8.84677 5314.98 0.0174536
197800 8.83538 5313.26 0.0176608
198000 8.8416 5311.72 0.0176845
198200 8.84464 5308.62 0.0173833
198400 8.81514 5302.51 0.0175781
198600 8.95426 5294.55 0.0177951
198800 8.97916 5287.04 0.0179439
199000 9.03851 5281.3 0.0179659
199200 9.07708 5277.65 0.0180637
199400 9.16757 5276.5 0.0181151
199600 9.26175 5279.29 0.0180651
199800 9.14425 5287.56 0.0178681
200000 8.8867 5298.69 0.0175784
200200 8.73678 5306.86 0.0175581
200400 8.61579 5308.25 0.0175562
200600 8.87158 5302.04 0.0177148
200800 9.10829 5291.57 0.0178697
201000 9.25045 5281.61 0.0179797
201200 9.13479 5275.11 0.0181289
201400 9.14612 5273.02 0.0182759
201600 9.19485 5275.04 0.0182182
201800 9.02297 5279.55 0.0181307
202000 8.9441 5283.82 0.0180088
202200 9.0356 5286.22 0.0178013
202400 9.08316 5286.66 0.0179577
202600 9.11945 5285.81 0.0179417
202800 9.04888 5284.17 0.0178401
203000 9.03363 5280.54 0.0178117
203200 9.1018 5274.99 0.0180508
203400 9.25427 5268.68 0.0181797
203600 9.38433 5263.66 0.0183337
203800 9.28729 5261.23 0.0183726
204000 9.21863 5261.38 0.0182448
204200 9.15351 5262.69 0.0183705
204400 9.21807 5264.26 0.0183795
204600 9.34505 5266.56 0.0181812
204800 9.29154 5270.2 0.0180289
205000 9.19349 5274.3 0.0180609
205200 9.02109 5276.71 0.0179333
205400 9.06025 5275.37 0.0181365
205600 9.15191 5269.26 0.0180838
205800 9.33299 5260.38 0.0184941
206000 9.50181 5253.05 0.0184195
206200 9.58177 5251.04 0.0186604
206400 9.4314 5255.31 0.0184022
206600 9.19481 5262.78 0.0181775
206800 9.09396 5268.53 0.0179098
207000 9.06595 5268.73 0.0180969
207200 9.25663 5263.01 0.0184605
207400 9.50625 5254.56 0.018355
207600 9.66331 5247.72 0.0185503
207800 9.63324 5247.3 0.0186293
208000 9.40107 5252.87 0.0184423
208200 9.32936 5259.89 0.0185509
208400 9.16198 5265.36 0.0182391
208600 9.27369 5267.29 0.0181207
208800 9.2606 5265.08 0.0182492
209000 9.4446 5260.01 0.018495
209200 9.53622 5254.54 0.0184883
209400 9.4458 5249.06 0.0184043
209600 9.44734 5242.76 0.0186377
209800 9.70833 5237.14 0.0187187
210000 9.73266 5234.11 0.0188428
210200 9.62441 5234.89 0.0187589
210400 9.49111 5238.12 0.0184594
210600 9.47167 5240.76 0.0187398
210800 9.47757 5241.07 0.0186148
211000 9.6279 5239.84 0.0188233
211200 9.66691 5240.15 0.018721
211400 9.60127 5242.61 0.0187064
211600 9.63982 5246.81 0.018577
211800 9.56308 5251.66 0.0184821
212000 9.46504 5255.24 0.0185115
212200 9.47996 5256.71 0.0183102
212400 9.47573 5254.75 0.0185989
212600 9.53854 5249.32 0.0186963
212800 9.57439 5240.36 0.0188922
213000 9.9318 5230.14 0.019024
213200 9.80929 5221.99 0.0191716
213400 9.8883 5217.89 0.0192856
213600 9.68134 5218.02 0.0189952
213800 9.72325 5220.46 0.0190356
214000 9.76074 5224.83 0.0188236
214200 9.68038 5230.55 0.018632
214400 9.68221 5235.45 0.0186451
214600 9.61009 5238.05 0.0186371
214800 9.63114 5237.24 0.0189816
215000 9.72382 5234.27 0.0189842
215200 9.84465 5231.57 0.0188839
215400 9.8296 5230.71 0.018734
215600 9.71912 5230.58 0.0187031
215800 9.70629 5228.3 0.0188927
216000 9.70512 5223.09 0.0191958
216200 9.85558 5217 0.0190732
216400 9.89787 5211.79 0.0194571
216600 10.0955 5209.47 0.019231
216800 9.92973 5211.2 0.0191455
217000 9.83593 5215.65 0.0191612
217200 9.65374 5220.07 0.0191993
217400 9.62126 5221.41 0.0188267
217600 9.77139 5217.62 0.0189726
217800 10.0655 5211.72 0.0190826
218000 10.027 5208.54 0.0192786
218200 10.0688 5209.33 0.0192633
218400 9.9033 5212.98 0.0189238
218600 9.7992 5216.68 0.0189586
218800 9.74926 5218.09 0.0188238
219000 9.86288 5215.89 0.0188005
219200 9.83706 5210.71 0.0191615
219400 10.0143 5204.97 0.0192564
219600 10.089 5200.15 0.0194797
219800 10.1274 5197.69 0.0194745
220000 10.0625 5197.83 0.0192751
