1.702854977034248872e-04
1.841184586099983266e-04
2.047531835464726268e-04
1.936845479977324352e-04
1.932507103033499730e-04
2.076508218194590347e-04
2.086730760306648226e-04
2.088373539922043845e-04
2.140507323424975430e-04
2.318521743435057530e-04
2.286404794556343265e-04
2.296937891790773369e-04
2.561167873070086215e-04
2.906768041789839496e-04
2.609253857052640734e-04
2.789343741858540645e-04
3.050536921537812382e-04
3.031358534123260542e-04
2.899292773575439094e-04
3.260914757014965102e-04
3.557931763675048834e-04
3.407218606708958732e-04
3.286462484742611154e-04
3.747524415648009516e-04
4.100503119383894723e-04
3.635950443798383774e-04
4.343664944658537277e-04
3.944800103713546583e-04
4.522904241022858364e-04
4.036261521780892228e-04
4.376368779433775931e-04
4.598961824320351929e-04
5.307278896148383274e-04
5.771732564370285652e-04
5.192725986154895189e-04
5.333782115235638976e-04
5.538037503539813789e-04
5.662032166608566138e-04
5.981818619716262756e-04
6.585389253824818672e-04
6.546836520365650197e-04
7.509842634091186322e-04
6.812555802619391608e-04
7.129330758009973278e-04
6.945470061837562010e-04
7.172989627869446813e-04
7.852514773980200351e-04
7.450277027929921988e-04
8.418252597436705125e-04
8.515433567945350675e-04
8.715529269303347272e-04
8.274360610623849362e-04
9.076388000510393064e-04
9.134345606689335583e-04
1.026353236441533484e-03
9.713912343218044157e-04
9.192434314310130201e-04
1.002946090195083826e-03
1.080032633914971164e-03
1.023488944258713453e-03
1.138332082536804143e-03
1.116216044692286717e-03
1.118260189014642740e-03
1.292008528498100189e-03
1.170478129741183912e-03
1.137958961550419911e-03
1.230798901885340026e-03
1.289231900018256811e-03
1.329427702401998540e-03
1.362867382065967217e-03
1.324114916149619426e-03
1.366573820587999727e-03
1.376788185233928773e-03
1.330449281132529624e-03
1.347320416450179187e-03
1.494810085617070353e-03
1.356065911433903658e-03
1.448834796186306310e-03
1.359050501775607061e-03
1.391695526225008098e-03
1.419966655714668914e-03
1.440435473984612953e-03
1.363493599319974200e-03
1.461440872189344667e-03
1.426823454140843661e-03
1.566503284354263999e-03
1.654159205729819997e-03
1.534292641213856785e-03
1.694827604000688319e-03
1.512141688439049957e-03
1.560598337632418614e-03
1.511474815072739401e-03
1.435312418586222978e-03
1.639559746142080264e-03
1.451304888418049029e-03
1.465761252877312727e-03
1.662891762368903141e-03
1.654999114518014526e-03
1.587461129909961775e-03
1.553177377382284480e-03
