# Time-averaged data for fix logger
# TimeStep v_time_ps c_Fobs c_Fsum v_E
5000 10 -5.05151e-15 773.757 -6.52856e-18
5100 10.2 -5.05151e-15 773.757 -6.52856e-18
5200 10.4 -5.05151e-15 773.757 -6.52856e-18
5300 10.6 -5.05151e-15 773.757 -6.52856e-18
5400 10.8 -5.05151e-15 773.757 -6.52856e-18
5500 11 -5.05151e-15 773.757 -6.52856e-18
5600 11.2 -5.05151e-15 773.757 -6.52856e-18
5700 11.4 -5.05151e-15 773.757 -6.52856e-18
5800 11.6 -5.05151e-15 773.757 -6.52856e-18
5900 11.8 -5.05151e-15 773.757 -6.52856e-18
6000 12 -5.05151e-15 773.757 -6.52856e-18
6100 12.2 -5.05151e-15 773.757 -6.52856e-18
6200 12.4 -5.05151e-15 773.757 -6.52856e-18
6300 12.6 -5.05151e-15 773.757 -6.52856e-18
6400 12.8 -5.05151e-15 773.757 -6.52856e-18
6500 13 -5.05151e-15 773.757 -6.52856e-18
6600 13.2 -5.05151e-15 773.757 -6.52856e-18
6700 13.4 -5.05151e-15 773.757 -6.52856e-18
6800 13.6 -5.05151e-15 773.757 -6.52856e-18
6900 13.8 -5.05151e-15 773.757 -6.52856e-18
7000 14 -5.05151e-15 773.757 -6.52856e-18
7100 14.2 -5.05151e-15 773.757 -6.52856e-18
7200 14.4 -5.05151e-15 773.757 -6.52856e-18
7300 14.6 -5.05151e-15 773.757 -6.52856e-18
7400 14.8 -5.05151e-15 773.757 -6.52856e-18
7500 15 -5.05151e-15 773.757 -6.52856e-18
7600 15.2 -5.05151e-15 773.757 -6.52856e-18
7700 15.4 -5.05151e-15 773.757 -6.52856e-18
7800 15.6 -5.05151e-15 773.757 -6.52856e-18
7900 15.8 -5.05151e-15 773.757 -6.52856e-18
8000 16 -5.05151e-15 773.757 -6.52856e-18
8100 16.2 -5.05151e-15 773.757 -6.52856e-18
8200 16.4 -5.05151e-15 773.757 -6.52856e-18
8300 16.6 -5.05151e-15 773.757 -6.52856e-18
8400 16.8 -5.05151e-15 773.757 -6.52856e-18
8500 17 -5.05151e-15 773.757 -6.52856e-18
8600 17.2 -5.05151e-15 773.757 -6.52856e-18
8700 17.4 -5.05151e-15 773.757 -6.52856e-18
8800 17.6 -5.05151e-15 773.757 -6.52856e-18
8900 17.8 -5.05151e-15 773.757 -6.52856e-18
9000 18 -5.05151e-15 773.757 -6.52856e-18
9100 18.2 -5.05151e-15 773.757 -6.52856e-18
9200 18.4 -5.05151e-15 773.757 -6.52856e-18
9300 18.6 -5.05151e-15 773.757 -6.52856e-18
9400 18.8 -5.05151e-15 773.757 -6.52856e-18
9500 19 -5.05151e-15 773.757 -6.52856e-18
9600 19.2 -5.05151e-15 773.757 -6.52856e-18
9700 19.4 -5.05151e-15 773.757 -6.52856e-18
9800 19.6 -5.05151e-15 773.757 -6.52856e-18
9900 19.8 -5.05151e-15 773.757 -6.52856e-18
10000 20 -5.05151e-15 773.757 -6.52856e-18
10100 20.2 -5.05151e-15 773.757 -6.52856e-18
10200 20.4 -5.05151e-15 773.757 -6.52856e-18
10300 20.6 -5.05151e-15 773.757 -6.52856e-18
10400 20.8 -5.05151e-15 773.757 -6.52856e-18
10500 21 -5.05151e-15 773.757 -6.52856e-18
10600 21.2 -5.05151e-15 773.757 -6.52856e-18
10700 21.4 -5.05151e-15 773.757 -6.52856e-18
10800 21.6 -5.05151e-15 773.757 -6.52856e-18
10900 21.8 -5.05151e-15 773.757 -6.52856e-18
11000 22 -5.05151e-15 773.757 -6.52856e-18
11100 22.2 -5.05151e-15 773.757 -6.52856e-18
11200 22.4 -5.05151e-15 773.757 -6.52856e-18
11300 22.6 -5.05151e-15 773.757 -6.52856e-18
11400 22.8 -5.05151e-15 773.757 -6.52856e-18
11500 23 -5.05151e-15 773.757 -6.52856e-18
11600 23.2 -5.05151e-15 773.757 -6.52856e-18
11700 23.4 -5.05151e-15 773.757 -6.52856e-18
11800 23.6 -5.05151e-15 773.757 -6.52856e-18
11900 23.8 -5.05151e-15 773.757 -6.52856e-18
12000 24 -5.05151e-15 773.757 -6.52856e-18
12100 24.2 -5.05151e-15 773.757 -6.52856e-18
12200 24.4 -5.05151e-15 773.757 -6.52856e-18
12300 24.6 -5.05151e-15 773.757 -6.52856e-18
12400 24.8 -5.05151e-15 773.757 -6.52856e-18
12500 25 -5.05151e-15 773.757 -6.52856e-18
12600 25.2 -5.05151e-15 773.757 -6.52856e-18
12700 25.4 -5.05151e-15 773.757 -6.52856e-18
12800 25.6 -5.05151e-15 773.757 -6.52856e-18
12900 25.8 -5.05151e-15 773.757 -6.52856e-18
13000 26 -5.05151e-15 773.757 -6.52856e-18
13100 26.2 -5.05151e-15 773.757 -6.52856e-18
13200 26.4 -5.05151e-15 773.757 -6.52856e-18
13300 26.6 -5.05151e-15 773.757 -6.52856e-18
13400 26.8 -5.05151e-15 773.757 -6.52856e-18
13500 27 -5.05151e-15 773.757 -6.52856e-18
13600 27.2 -5.05151e-15 773.757 -6.52856e-18
13700 27.4 -5.05151e-15 773.757 -6.52856e-18
13800 27.6 -5.05151e-15 773.757 -6.52856e-18
13900 27.8 -5.05151e-15 773.757 -6.52856e-18
14000 28 -5.05151e-15 773.757 -6.52856e-18
14100 28.2 -5.05151e-15 773.757 -6.52856e-18
14200 28.4 -5.05151e-15 773.757 -6.52856e-18
14300 28.6 -5.05151e-15 773.757 -6.52856e-18
14400 28.8 -5.05151e-15 773.757 -6.52856e-18
14500 29 -5.05151e-15 773.757 -6.52856e-18
14600 29.2 -5.05151e-15 773.757 -6.52856e-18
14700 29.4 -5.05151e-15 773.757 -6.52856e-18
14800 29.6 -5.05151e-15 773.757 -6.52856e-18
14900 29.8 -5.05151e-15 773.757 -6.52856e-18
15000 30 -5.05151e-15 773.757 -6.52856e-18
15100 30.2 -5.05151e-15 773.757 -6.52856e-18
15200 30.4 -5.05151e-15 773.757 -6.52856e-18
15300 30.6 -5.05151e-15 773.757 -6.52856e-18
15400 30.8 -5.05151e-15 773.757 -6.52856e-18
15500 31 -5.05151e-15 773.757 -6.52856e-18
15600 31.2 -5.05151e-15 773.757 -6.52856e-18
15700 31.4 -5.05151e-15 773.757 -6.52856e-18
15800 31.6 -5.05151e-15 773.757 -6.52856e-18
15900 31.8 -5.05151e-15 773.757 -6.52856e-18
16000 32 -5.05151e-15 773.757 -6.52856e-18
16100 32.2 -5.05151e-15 773.757 -6.52856e-18
16200 32.4 -5.05151e-15 773.757 -6.52856e-18
16300 32.6 -5.05151e-15 773.757 -6.52856e-18
16400 32.8 -5.05151e-15 773.757 -6.52856e-18
16500 33 -5.05151e-15 773.757 -6.52856e-18
16600 33.2 -5.05151e-15 773.757 -6.52856e-18
16700 33.4 -5.05151e-15 773.757 -6.52856e-18
16800 33.6 -5.05151e-15 773.757 -6.52856e-18
16900 33.8 -5.05151e-15 773.757 -6.52856e-18
17000 34 -5.05151e-15 773.757 -6.52856e-18
17100 34.2 -5.05151e-15 773.757 -6.52856e-18
17200 34.4 -5.05151e-15 773.757 -6.52856e-18
17300 34.6 -5.05151e-15 773.757 -6.52856e-18
17400 34.8 -5.05151e-15 773.757 -6.52856e-18
17500 35 -5.05151e-15 773.757 -6.52856e-18
17600 35.2 -5.05151e-15 773.757 -6.52856e-18
17700 35.4 -5.05151e-15 773.757 -6.52856e-18
17800 35.6 -5.05151e-15 773.757 -6.52856e-18
17900 35.8 -5.05151e-15 773.757 -6.52856e-18
18000 36 -5.05151e-15 773.757 -6.52856e-18
18100 36.2 -5.05151e-15 773.757 -6.52856e-18
18200 36.4 -5.05151e-15 773.757 -6.52856e-18
18300 36.6 -5.05151e-15 773.757 -6.52856e-18
18400 36.8 -5.05151e-15 773.757 -6.52856e-18
18500 37 -5.05151e-15 773.757 -6.52856e-18
18600 37.2 -5.05151e-15 773.757 -6.52856e-18
18700 37.4 -5.05151e-15 773.757 -6.52856e-18
18800 37.6 -5.05151e-15 773.757 -6.52856e-18
18900 37.8 -5.05151e-15 773.757 -6.52856e-18
19000 38 -5.05151e-15 773.757 -6.52856e-18
19100 38.2 -5.05151e-15 773.757 -6.52856e-18
19200 38.4 -5.05151e-15 773.757 -6.52856e-18
19300 38.6 -5.05151e-15 773.757 -6.52856e-18
19400 38.8 -5.05151e-15 773.757 -6.52856e-18
19500 39 -5.05151e-15 773.757 -6.52856e-18
19600 39.2 -5.05151e-15 773.757 -6.52856e-18
19700 39.4 -5.05151e-15 773.757 -6.52856e-18
19800 39.6 -5.05151e-15 773.757 -6.52856e-18
19900 39.8 -5.05151e-15 773.757 -6.52856e-18
20000 40 -5.05151e-15 773.757 -6.52856e-18
20100 40.2 -5.05151e-15 773.757 -6.52856e-18
20200 40.4 -5.05151e-15 773.757 -6.52856e-18
20300 40.6 -5.05151e-15 773.757 -6.52856e-18
20400 40.8 -5.05151e-15 773.757 -6.52856e-18
20500 41 -5.05151e-15 773.757 -6.52856e-18
20600 41.2 -5.05151e-15 773.757 -6.52856e-18
20700 41.4 -5.05151e-15 773.757 -6.52856e-18
20800 41.6 -5.05151e-15 773.757 -6.52856e-18
20900 41.8 -5.05151e-15 773.757 -6.52856e-18
21000 42 -5.05151e-15 773.757 -6.52856e-18
21100 42.2 -5.05151e-15 773.757 -6.52856e-18
21200 42.4 -5.05151e-15 773.757 -6.52856e-18
21300 42.6 -5.05151e-15 773.757 -6.52856e-18
21400 42.8 -5.05151e-15 773.757 -6.52856e-18
21500 43 -5.05151e-15 773.757 -6.52856e-18
21600 43.2 -5.05151e-15 773.757 -6.52856e-18
21700 43.4 -5.05151e-15 773.757 -6.52856e-18
21800 43.6 -5.05151e-15 773.757 -6.52856e-18
21900 43.8 -5.05151e-15 773.757 -6.52856e-18
22000 44 -5.05151e-15 773.757 -6.52856e-18
22100 44.2 -5.05151e-15 773.757 -6.52856e-18
22200 44.4 -5.05151e-15 773.757 -6.52856e-18
22300 44.6 -5.05151e-15 773.757 -6.52856e-18
22400 44.8 -5.05151e-15 773.757 -6.52856e-18
22500 45 -5.05151e-15 773.757 -6.52856e-18
22600 45.2 -5.05151e-15 773.757 -6.52856e-18
22700 45.4 -5.05151e-15 773.757 -6.52856e-18
22800 45.6 -5.05151e-15 773.757 -6.52856e-18
22900 45.8 -5.05151e-15 773.757 -6.52856e-18
23000 46 -5.05151e-15 773.757 -6.52856e-18
23100 46.2 -5.05151e-15 773.757 -6.52856e-18
23200 46.4 -5.05151e-15 773.757 -6.52856e-18
23300 46.6 -5.05151e-15 773.757 -6.52856e-18
23400 46.8 -5.05151e-15 773.757 -6.52856e-18
23500 47 -5.05151e-15 773.757 -6.52856e-18
23600 47.2 -5.05151e-15 773.757 -6.52856e-18
23700 47.4 -5.05151e-15 773.757 -6.52856e-18
23800 47.6 -5.05151e-15 773.757 -6.52856e-18
23900 47.8 -5.05151e-15 773.757 -6.52856e-18
24000 48 -5.05151e-15 773.757 -6.52856e-18
24100 48.2 -5.05151e-15 773.757 -6.52856e-18
24200 48.4 -5.05151e-15 773.757 -6.52856e-18
24300 48.6 -5.05151e-15 773.757 -6.52856e-18
24400 48.8 -5.05151e-15 773.757 -6.52856e-18
24500 49 -5.05151e-15 773.757 -6.52856e-18
24600 49.2 -5.05151e-15 773.757 -6.52856e-18
24700 49.4 -5.05151e-15 773.757 -6.52856e-18
24800 49.6 -5.05151e-15 773.757 -6.52856e-18
24900 49.8 -5.05151e-15 773.757 -6.52856e-18
25000 50 -5.05151e-15 773.757 -6.52856e-18
25100 50.2 -5.05151e-15 773.757 -6.52856e-18
25200 50.4 -5.05151e-15 773.757 -6.52856e-18
25300 50.6 -5.05151e-15 773.757 -6.52856e-18
25400 50.8 -5.05151e-15 773.757 -6.52856e-18
25500 51 -5.05151e-15 773.757 -6.52856e-18
25600 51.2 -5.05151e-15 773.757 -6.52856e-18
25700 51.4 -5.05151e-15 773.757 -6.52856e-18
25800 51.6 -5.05151e-15 773.757 -6.52856e-18
25900 51.8 -5.05151e-15 773.757 -6.52856e-18
26000 52 -5.05151e-15 773.757 -6.52856e-18
26100 52.2 -5.05151e-15 773.757 -6.52856e-18
26200 52.4 -5.05151e-15 773.757 -6.52856e-18
26300 52.6 -5.05151e-15 773.757 -6.52856e-18
26400 52.8 -5.05151e-15 773.757 -6.52856e-18
26500 53 -5.05151e-15 773.757 -6.52856e-18
26600 53.2 -5.05151e-15 773.757 -6.52856e-18
26700 53.4 -5.05151e-15 773.757 -6.52856e-18
26800 53.6 -5.05151e-15 773.757 -6.52856e-18
26900 53.8 -5.05151e-15 773.757 -6.52856e-18
27000 54 -5.05151e-15 773.757 -6.52856e-18
27100 54.2 -5.05151e-15 773.757 -6.52856e-18
27200 54.4 -5.05151e-15 773.757 -6.52856e-18
27300 54.6 -5.05151e-15 773.757 -6.52856e-18
27400 54.8 -5.05151e-15 773.757 -6.52856e-18
27500 55 -5.05151e-15 773.757 -6.52856e-18
27600 55.2 -5.05151e-15 773.757 -6.52856e-18
27700 55.4 -5.05151e-15 773.757 -6.52856e-18
27800 55.6 -5.05151e-15 773.757 -6.52856e-18
27900 55.8 -5.05151e-15 773.757 -6.52856e-18
28000 56 -5.05151e-15 773.757 -6.52856e-18
28100 56.2 -5.05151e-15 773.757 -6.52856e-18
28200 56.4 -5.05151e-15 773.757 -6.52856e-18
28300 56.6 -5.05151e-15 773.757 -6.52856e-18
28400 56.8 -5.05151e-15 773.757 -6.52856e-18
28500 57 -5.05151e-15 773.757 -6.52856e-18
28600 57.2 -5.05151e-15 773.757 -6.52856e-18
28700 57.4 -5.05151e-15 773.757 -6.52856e-18
28800 57.6 -5.05151e-15 773.757 -6.52856e-18
28900 57.8 -5.05151e-15 773.757 -6.52856e-18
29000 58 -5.05151e-15 773.757 -6.52856e-18
29100 58.2 -5.05151e-15 773.757 -6.52856e-18
29200 58.4 -5.05151e-15 773.757 -6.52856e-18
29300 58.6 -5.05151e-15 773.757 -6.52856e-18
29400 58.8 -5.05151e-15 773.757 -6.52856e-18
29500 59 -5.05151e-15 773.757 -6.52856e-18
29600 59.2 -5.05151e-15 773.757 -6.52856e-18
29700 59.4 -5.05151e-15 773.757 -6.52856e-18
29800 59.6 -5.05151e-15 773.757 -6.52856e-18
29900 59.8 -5.05151e-15 773.757 -6.52856e-18
30000 60 -5.05151e-15 773.757 -6.52856e-18
