# Time-averaged data for fix logger
# TimeStep v_time_ps c_Fobs c_Fsum
5000 10 -5.05151e-15 773.757
5100 10.2 -5.05151e-15 773.757
5200 10.4 -5.05151e-15 773.757
5300 10.6 -5.05151e-15 773.757
5400 10.8 -5.05151e-15 773.757
5500 11 -5.05151e-15 773.757
5600 11.2 -5.05151e-15 773.757
5700 11.4 -5.05151e-15 773.757
5800 11.6 -5.05151e-15 773.757
5900 11.8 -5.05151e-15 773.757
6000 12 -5.05151e-15 773.757
6100 12.2 -5.05151e-15 773.757
6200 12.4 -5.05151e-15 773.757
6300 12.6 -5.05151e-15 773.757
6400 12.8 -5.05151e-15 773.757
6500 13 -5.05151e-15 773.757
6600 13.2 -5.05151e-15 773.757
6700 13.4 -5.05151e-15 773.757
6800 13.6 -5.05151e-15 773.757
6900 13.8 -5.05151e-15 773.757
7000 14 -5.05151e-15 773.757
7100 14.2 -5.05151e-15 773.757
7200 14.4 -5.05151e-15 773.757
7300 14.6 -5.05151e-15 773.757
7400 14.8 -5.05151e-15 773.757
7500 15 -5.05151e-15 773.757
7600 15.2 -5.05151e-15 773.757
7700 15.4 -5.05151e-15 773.757
7800 15.6 -5.05151e-15 773.757
7900 15.8 -5.05151e-15 773.757
8000 16 -5.05151e-15 773.757
8100 16.2 -5.05151e-15 773.757
8200 16.4 -5.05151e-15 773.757
8300 16.6 -5.05151e-15 773.757
8400 16.8 -5.05151e-15 773.757
8500 17 -5.05151e-15 773.757
8600 17.2 -5.05151e-15 773.757
8700 17.4 -5.05151e-15 773.757
8800 17.6 -5.05151e-15 773.757
8900 17.8 -5.05151e-15 773.757
9000 18 -5.05151e-15 773.757
9100 18.2 -5.05151e-15 773.757
9200 18.4 -5.05151e-15 773.757
9300 18.6 -5.05151e-15 773.757
9400 18.8 -5.05151e-15 773.757
9500 19 -5.05151e-15 773.757
9600 19.2 -5.05151e-15 773.757
9700 19.4 -5.05151e-15 773.757
9800 19.6 -5.05151e-15 773.757
9900 19.8 -5.05151e-15 773.757
10000 20 -5.05151e-15 773.757
10100 20.2 -5.05151e-15 773.757
10200 20.4 -5.05151e-15 773.757
10300 20.6 -5.05151e-15 773.757
10400 20.8 -5.05151e-15 773.757
10500 21 -5.05151e-15 773.757
10600 21.2 -5.05151e-15 773.757
10700 21.4 -5.05151e-15 773.757
10800 21.6 -5.05151e-15 773.757
10900 21.8 -5.05151e-15 773.757
11000 22 -5.05151e-15 773.757
11100 22.2 -5.05151e-15 773.757
11200 22.4 -5.05151e-15 773.757
11300 22.6 -5.05151e-15 773.757
11400 22.8 -5.05151e-15 773.757
11500 23 -5.05151e-15 773.757
11600 23.2 -5.05151e-15 773.757
11700 23.4 -5.05151e-15 773.757
11800 23.6 -5.05151e-15 773.757
11900 23.8 -5.05151e-15 773.757
12000 24 -5.05151e-15 773.757
12100 24.2 -5.05151e-15 773.757
12200 24.4 -5.05151e-15 773.757
12300 24.6 -5.05151e-15 773.757
12400 24.8 -5.05151e-15 773.757
12500 25 -5.05151e-15 773.757
12600 25.2 -5.05151e-15 773.757
12700 25.4 -5.05151e-15 773.757
12800 25.6 -5.05151e-15 773.757
12900 25.8 -5.05151e-15 773.757
13000 26 -5.05151e-15 773.757
13100 26.2 -5.05151e-15 773.757
13200 26.4 -5.05151e-15 773.757
13300 26.6 -5.05151e-15 773.757
13400 26.8 -5.05151e-15 773.757
13500 27 -5.05151e-15 773.757
13600 27.2 -5.05151e-15 773.757
13700 27.4 -5.05151e-15 773.757
13800 27.6 -5.05151e-15 773.757
13900 27.8 -5.05151e-15 773.757
14000 28 -5.05151e-15 773.757
14100 28.2 -5.05151e-15 773.757
14200 28.4 -5.05151e-15 773.757
14300 28.6 -5.05151e-15 773.757
14400 28.8 -5.05151e-15 773.757
14500 29 -5.05151e-15 773.757
14600 29.2 -5.05151e-15 773.757
14700 29.4 -5.05151e-15 773.757
14800 29.6 -5.05151e-15 773.757
14900 29.8 -5.05151e-15 773.757
15000 30 -5.05151e-15 773.757
15100 30.2 -5.05151e-15 773.757
15200 30.4 -5.05151e-15 773.757
15300 30.6 -5.05151e-15 773.757
15400 30.8 -5.05151e-15 773.757
15500 31 -5.05151e-15 773.757
15600 31.2 -5.05151e-15 773.757
15700 31.4 -5.05151e-15 773.757
15800 31.6 -5.05151e-15 773.757
15900 31.8 -5.05151e-15 773.757
16000 32 -5.05151e-15 773.757
16100 32.2 -5.05151e-15 773.757
16200 32.4 -5.05151e-15 773.757
16300 32.6 -5.05151e-15 773.757
16400 32.8 -5.05151e-15 773.757
16500 33 -5.05151e-15 773.757
16600 33.2 -5.05151e-15 773.757
16700 33.4 -5.05151e-15 773.757
16800 33.6 -5.05151e-15 773.757
16900 33.8 -5.05151e-15 773.757
17000 34 -5.05151e-15 773.757
17100 34.2 -5.05151e-15 773.757
17200 34.4 -5.05151e-15 773.757
17300 34.6 -5.05151e-15 773.757
17400 34.8 -5.05151e-15 773.757
17500 35 -5.05151e-15 773.757
17600 35.2 -5.05151e-15 773.757
17700 35.4 -5.05151e-15 773.757
17800 35.6 -5.05151e-15 773.757
17900 35.8 -5.05151e-15 773.757
18000 36 -5.05151e-15 773.757
18100 36.2 -5.05151e-15 773.757
18200 36.4 -5.05151e-15 773.757
18300 36.6 -5.05151e-15 773.757
18400 36.8 -5.05151e-15 773.757
18500 37 -5.05151e-15 773.757
18600 37.2 -5.05151e-15 773.757
18700 37.4 -5.05151e-15 773.757
18800 37.6 -5.05151e-15 773.757
18900 37.8 -5.05151e-15 773.757
19000 38 -5.05151e-15 773.757
19100 38.2 -5.05151e-15 773.757
19200 38.4 -5.05151e-15 773.757
19300 38.6 -5.05151e-15 773.757
19400 38.8 -5.05151e-15 773.757
19500 39 -5.05151e-15 773.757
19600 39.2 -5.05151e-15 773.757
19700 39.4 -5.05151e-15 773.757
19800 39.6 -5.05151e-15 773.757
19900 39.8 -5.05151e-15 773.757
20000 40 -5.05151e-15 773.757
20100 40.2 -5.05151e-15 773.757
20200 40.4 -5.05151e-15 773.757
20300 40.6 -5.05151e-15 773.757
20400 40.8 -5.05151e-15 773.757
20500 41 -5.05151e-15 773.757
20600 41.2 -5.05151e-15 773.757
20700 41.4 -5.05151e-15 773.757
20800 41.6 -5.05151e-15 773.757
20900 41.8 -5.05151e-15 773.757
21000 42 -5.05151e-15 773.757
21100 42.2 -5.05151e-15 773.757
21200 42.4 -5.05151e-15 773.757
21300 42.6 -5.05151e-15 773.757
21400 42.8 -5.05151e-15 773.757
21500 43 -5.05151e-15 773.757
21600 43.2 -5.05151e-15 773.757
21700 43.4 -5.05151e-15 773.757
21800 43.6 -5.05151e-15 773.757
21900 43.8 -5.05151e-15 773.757
22000 44 -5.05151e-15 773.757
22100 44.2 -5.05151e-15 773.757
22200 44.4 -5.05151e-15 773.757
22300 44.6 -5.05151e-15 773.757
22400 44.8 -5.05151e-15 773.757
22500 45 -5.05151e-15 773.757
22600 45.2 -5.05151e-15 773.757
22700 45.4 -5.05151e-15 773.757
22800 45.6 -5.05151e-15 773.757
22900 45.8 -5.05151e-15 773.757
23000 46 -5.05151e-15 773.757
23100 46.2 -5.05151e-15 773.757
23200 46.4 -5.05151e-15 773.757
23300 46.6 -5.05151e-15 773.757
23400 46.8 -5.05151e-15 773.757
23500 47 -5.05151e-15 773.757
23600 47.2 -5.05151e-15 773.757
23700 47.4 -5.05151e-15 773.757
23800 47.6 -5.05151e-15 773.757
23900 47.8 -5.05151e-15 773.757
24000 48 -5.05151e-15 773.757
24100 48.2 -5.05151e-15 773.757
24200 48.4 -5.05151e-15 773.757
24300 48.6 -5.05151e-15 773.757
24400 48.8 -5.05151e-15 773.757
24500 49 -5.05151e-15 773.757
24600 49.2 -5.05151e-15 773.757
24700 49.4 -5.05151e-15 773.757
24800 49.6 -5.05151e-15 773.757
24900 49.8 -5.05151e-15 773.757
25000 50 -5.05151e-15 773.757
25100 50.2 -5.05151e-15 773.757
25200 50.4 -5.05151e-15 773.757
25300 50.6 -5.05151e-15 773.757
25400 50.8 -5.05151e-15 773.757
25500 51 -5.05151e-15 773.757
25600 51.2 -5.05151e-15 773.757
25700 51.4 -5.05151e-15 773.757
25800 51.6 -5.05151e-15 773.757
25900 51.8 -5.05151e-15 773.757
26000 52 -5.05151e-15 773.757
26100 52.2 -5.05151e-15 773.757
26200 52.4 -5.05151e-15 773.757
26300 52.6 -5.05151e-15 773.757
26400 52.8 -5.05151e-15 773.757
26500 53 -5.05151e-15 773.757
26600 53.2 -5.05151e-15 773.757
26700 53.4 -5.05151e-15 773.757
26800 53.6 -5.05151e-15 773.757
26900 53.8 -5.05151e-15 773.757
27000 54 -5.05151e-15 773.757
27100 54.2 -5.05151e-15 773.757
27200 54.4 -5.05151e-15 773.757
27300 54.6 -5.05151e-15 773.757
27400 54.8 -5.05151e-15 773.757
27500 55 -5.05151e-15 773.757
27600 55.2 -5.05151e-15 773.757
27700 55.4 -5.05151e-15 773.757
27800 55.6 -5.05151e-15 773.757
27900 55.8 -5.05151e-15 773.757
28000 56 -5.05151e-15 773.757
28100 56.2 -5.05151e-15 773.757
28200 56.4 -5.05151e-15 773.757
28300 56.6 -5.05151e-15 773.757
28400 56.8 -5.05151e-15 773.757
28500 57 -5.05151e-15 773.757
28600 57.2 -5.05151e-15 773.757
28700 57.4 -5.05151e-15 773.757
28800 57.6 -5.05151e-15 773.757
28900 57.8 -5.05151e-15 773.757
29000 58 -5.05151e-15 773.757
29100 58.2 -5.05151e-15 773.757
29200 58.4 -5.05151e-15 773.757
29300 58.6 -5.05151e-15 773.757
29400 58.8 -5.05151e-15 773.757
29500 59 -5.05151e-15 773.757
29600 59.2 -5.05151e-15 773.757
29700 59.4 -5.05151e-15 773.757
29800 59.6 -5.05151e-15 773.757
29900 59.8 -5.05151e-15 773.757
30000 60 -5.05151e-15 773.757
