# Time-averaged data for fix logger
# TimeStep c_Fobs c_Fsum c_Tglob
20000 3.2 300535 0.296551
20200 3.2 299254 0.301644
20400 3.2 304659 0.301169
20600 3.2 303541 0.302673
20800 3.2 305872 0.305159
21000 3.2 303622 0.303649
21200 3.2 305350 0.306371
21400 3.2 306127 0.307587
21600 3.2 305559 0.305734
21800 3.2 307588 0.308259
22000 3.2 308246 0.309496
22200 3.2 310608 0.309772
22400 3.2 309412 0.312768
22600 3.2 311167 0.311612
22800 3.2 310542 0.313782
23000 3.2 313808 0.314876
23200 3.2 312312 0.316032
23400 3.2 314220 0.313259
23600 3.2 313940 0.315862
23800 3.2 314776 0.318763
24000 3.2 316784 0.321011
24200 3.2 315183 0.322834
24400 3.2 314423 0.321396
24600 3.2 318936 0.322894
24800 3.2 318184 0.322887
25000 3.2 318048 0.325965
25200 3.2 319096 0.327683
25400 3.2 320633 0.323077
25600 3.2 321624 0.328883
25800 3.2 321545 0.328735
26000 3.2 323992 0.3303
26200 3.2 325038 0.333587
26400 3.2 324072 0.330069
26600 3.2 324384 0.333689
26800 3.2 324692 0.334279
27000 3.2 325894 0.333793
27200 3.2 326470 0.336524
27400 3.2 325654 0.337341
27600 3.2 330869 0.337695
27800 3.2 328356 0.338209
28000 3.2 328537 0.338107
28200 3.2 333521 0.339826
28400 3.2 331975 0.341844
28600 3.2 330856 0.339581
28800 3.2 332575 0.343841
29000 3.2 333834 0.346065
29200 3.2 331185 0.343219
29400 3.2 333163 0.346438
29600 3.2 335734 0.34797
29800 3.2 335668 0.348851
30000 3.2 333956 0.351154
30200 3.2 337752 0.350918
30400 3.2 341706 0.353628
30600 3.2 339045 0.353347
30800 3.2 339567 0.352375
31000 3.2 340971 0.355214
31200 3.2 341793 0.353205
31400 3.2 342000 0.357919
31600 3.2 343733 0.355187
31800 3.2 343386 0.35964
32000 3.2 345011 0.360044
32200 3.2 341807 0.358093
32400 3.2 343045 0.36347
32600 3.2 348662 0.361891
32800 3.2 346515 0.363506
33000 3.2 349087 0.366452
33200 3.2 349064 0.367686
33400 3.2 344473 0.365885
33600 3.2 350379 0.365239
33800 3.2 347821 0.368616
34000 3.2 348979 0.371885
34200 3.2 352413 0.372116
34400 3.2 348807 0.370452
34600 3.2 352281 0.371986
34800 3.2 354982 0.375339
35000 3.2 352520 0.374108
35200 3.2 353149 0.374091
35400 3.2 355225 0.378433
35600 3.2 356951 0.377216
35800 3.2 355074 0.381383
36000 3.2 357414 0.379908
36200 3.2 357973 0.377394
36400 3.2 360908 0.380496
36600 3.2 358104 0.385
36800 3.2 361006 0.382506
37000 3.2 362231 0.386512
37200 3.2 360956 0.383153
37400 3.2 364133 0.387834
37600 3.2 363194 0.387129
37800 3.2 363555 0.390409
38000 3.2 365639 0.389488
38200 3.2 364912 0.389481
38400 3.2 364248 0.391127
38600 3.2 369235 0.391356
38800 3.2 369178 0.392857
39000 3.2 369252 0.395855
39200 3.2 369594 0.39391
39400 3.2 369043 0.399862
39600 3.2 368531 0.395684
39800 3.2 369005 0.399093
40000 3.2 370856 0.401005
40200 3.2 371974 0.399533
40400 3.2 372679 0.405759
40600 3.2 371680 0.402293
40800 3.2 372898 0.405837
41000 3.2 374264 0.402173
41200 3.2 376731 0.407109
41400 3.2 375369 0.406437
41600 3.2 379205 0.408999
41800 3.2 380925 0.405036
42000 3.2 380148 0.411426
42200 3.2 378044 0.4127
42400 3.2 379107 0.411084
42600 3.2 379780 0.41238
42800 3.2 383651 0.413639
43000 3.2 380395 0.414989
43200 3.2 383487 0.41322
43400 3.2 383443 0.417128
43600 3.2 382071 0.418379
43800 3.2 384945 0.423395
44000 3.2 387062 0.415964
44200 3.2 384575 0.41985
44400 3.2 387597 0.422235
44600 3.2 387110 0.42345
44800 3.2 385996 0.427856
45000 3.2 385540 0.425902
45200 3.2 390252 0.425569
45400 3.2 389414 0.427602
45600 3.2 386462 0.424387
45800 3.2 390596 0.42822
46000 3.2 393479 0.429013
46200 3.2 394097 0.43133
46400 3.2 394383 0.429483
46600 3.2 392735 0.432932
46800 3.2 394389 0.434251
47000 3.2 398467 0.434543
47200 3.2 399257 0.436429
47400 3.2 393687 0.43533
47600 3.2 398210 0.436151
47800 3.2 400789 0.439137
48000 3.2 394456 0.438389
48200 3.2 398989 0.442619
48400 3.2 402228 0.44078
48600 3.2 401285 0.441736
48800 3.2 403485 0.443523
49000 3.2 403795 0.447235
49200 3.2 397833 0.450775
49400 3.2 404138 0.444102
49600 3.2 404251 0.447072
49800 3.2 406540 0.449769
50000 3.2 407388 0.454205
50200 3.2 406328 0.450013
50400 3.2 406853 0.451791
50600 3.2 407336 0.454715
50800 3.2 409169 0.456824
51000 3.2 409935 0.452622
51200 3.2 408083 0.457223
51400 3.2 412633 0.457599
51600 3.2 410285 0.45778
51800 3.2 412491 0.460399
52000 3.2 414510 0.458554
52200 3.2 414848 0.46449
52400 3.2 414640 0.460442
52600 3.2 415410 0.463838
52800 3.2 413257 0.464668
53000 3.2 414710 0.464137
53200 3.2 416511 0.468105
53400 3.2 417186 0.467767
53600 3.2 419495 0.468398
53800 3.2 420074 0.465652
54000 3.2 420029 0.470412
54200 3.2 419894 0.470956
54400 3.2 420304 0.468828
54600 3.2 420687 0.475977
54800 3.2 422696 0.471652
55000 3.2 423610 0.47243
55200 3.2 423169 0.475132
55400 3.2 424404 0.480617
55600 3.2 420245 0.476052
55800 3.2 427075 0.476538
56000 3.2 427320 0.478674
56200 3.2 428684 0.483923
56400 3.2 429447 0.48038
56600 3.2 429454 0.4829
56800 3.2 429166 0.484715
57000 3.2 429934 0.485524
57200 3.2 428041 0.485524
57400 3.2 432447 0.485287
57600 3.2 433798 0.486575
57800 3.2 432255 0.484221
58000 3.2 435937 0.488073
58200 3.2 436543 0.491982
58400 3.2 438218 0.496045
58600 3.2 436928 0.490714
58800 3.2 436606 0.4911
59000 3.2 438248 0.496492
59200 3.2 438179 0.493549
59400 3.2 436089 0.49769
59600 3.2 437850 0.498096
59800 3.2 438734 0.498272
60000 3.2 442531 0.500136
60200 3.2 441020 0.50523
60400 3.2 441851 0.502492
60600 3.2 441679 0.498988
60800 3.2 443020 0.503855
61000 3.2 442414 0.505311
61200 3.2 443584 0.499493
61400 3.2 444470 0.509279
61600 3.2 445266 0.507518
61800 3.2 448319 0.511673
62000 3.2 443710 0.506818
62200 3.2 446973 0.511244
62400 3.2 452830 0.508967
62600 3.2 448765 0.514761
62800 3.2 446726 0.516412
63000 3.2 447470 0.513135
63200 3.2 452265 0.515456
63400 3.2 453250 0.517845
63600 3.2 451730 0.515127
63800 3.2 459131 0.518956
64000 3.2 454086 0.517469
64200 3.2 457742 0.524799
64400 3.2 455934 0.519043
64600 3.2 459797 0.52209
64800 3.2 458552 0.523518
65000 3.2 458130 0.524356
65200 3.2 461523 0.525419
65400 3.2 460581 0.526778
65600 3.2 460244 0.530144
65800 3.2 463368 0.527853
66000 3.2 462111 0.533569
66200 3.2 463409 0.530711
66400 3.2 461593 0.529953
66600 3.2 465611 0.534292
66800 3.2 462168 0.53219
67000 3.2 466485 0.53701
67200 3.2 466839 0.534879
67400 3.2 466293 0.538073
67600 3.2 469790 0.539203
67800 3.2 467035 0.536028
68000 3.2 472018 0.537371
68200 3.2 472464 0.540404
68400 3.2 475075 0.546288
68600 3.2 473114 0.543126
68800 3.2 474032 0.543559
69000 3.2 474164 0.542782
69200 3.2 477496 0.546867
69400 3.2 476801 0.546912
69600 3.2 476417 0.543804
69800 3.2 477000 0.551303
70000 3.2 480891 0.547182
70200 3.2 480013 0.554495
70400 3.2 479950 0.549917
70600 3.2 484523 0.550595
70800 3.2 485928 0.555399
71000 3.2 483848 0.553483
71200 3.2 488995 0.552578
71400 3.2 490228 0.556946
71600 3.2 487719 0.557692
71800 3.2 487186 0.559614
72000 3.2 492905 0.559307
72200 3.2 494893 0.562581
72400 3.2 491956 0.562331
72600 3.2 493336 0.561984
72800 3.2 494809 0.563885
73000 3.2 495558 0.570165
73200 3.2 492224 0.563174
73400 3.2 499481 0.565978
73600 3.2 502060 0.568186
73800 3.2 504263 0.572831
74000 3.2 500489 0.570506
74200 3.2 503600 0.571275
74400 3.2 507785 0.570084
74600 3.2 512485 0.576074
74800 3.2 505733 0.574324
75000 3.2 504372 0.577109
75200 3.2 510605 0.574639
75400 3.2 512592 0.581242
75600 3.2 517088 0.574611
75800 3.2 514324 0.570831
76000 3.2 509843 0.581896
76200 3.2 519084 0.582023
76400 3.2 517115 0.583739
76600 3.2 520760 0.585225
76800 3.2 518453 0.581521
77000 3.2 525687 0.586676
77200 3.2 525026 0.58475
77400 3.2 527991 0.586415
77600 3.2 528577 0.589698
77800 3.2 526828 0.584822
78000 3.2 528239 0.591616
78200 3.2 536068 0.589258
78400 3.2 531424 0.594207
78600 3.2 536458 0.589227
78800 3.2 536813 0.595738
79000 3.2 537026 0.595482
79200 3.2 541622 0.59632
79400 3.2 544898 0.589598
79600 3.2 541378 0.597879
79800 3.2 541808 0.599644
80000 3.2 543079 0.602473
80200 3.2 543771 0.603213
80400 3.2 544582 0.607272
80600 3.2 545577 0.599318
80800 3.2 549291 0.603814
81000 3.2 553840 0.602446
81200 3.2 552064 0.605268
81400 3.2 551835 0.603967
81600 3.2 554371 0.611401
81800 3.2 553746 0.604866
82000 3.2 553100 0.612193
82200 3.2 554930 0.609004
82400 3.2 561134 0.61154
82600 3.2 562733 0.60901
82800 3.2 568857 0.61323
83000 3.2 559007 0.616999
83200 3.2 560735 0.614547
83400 3.2 560952 0.615124
83600 3.2 561449 0.622506
83800 3.2 570550 0.61547
84000 3.2 570497 0.61874
84200 3.2 564387 0.618564
84400 3.2 569123 0.622111
84600 3.2 568760 0.624685
84800 3.2 570949 0.626099
85000 3.2 571442 0.625619
85200 3.2 573839 0.61897
85400 3.2 574847 0.625337
85600 3.2 579308 0.624578
85800 3.2 581291 0.630312
86000 3.2 581863 0.628111
86200 3.2 577530 0.630166
86400 3.2 575803 0.637536
86600 3.2 583241 0.640994
86800 3.2 577826 0.636263
87000 3.2 582731 0.636126
87200 3.2 585750 0.634825
87400 3.2 584077 0.629324
87600 3.2 583275 0.638666
87800 3.2 581353 0.644083
88000 3.2 583288 0.64581
88200 3.2 587347 0.638418
88400 3.2 585737 0.644802
88600 3.2 589155 0.645213
88800 3.2 587551 0.642993
89000 3.2 594435 0.647933
89200 3.2 592054 0.645915
89400 3.2 590057 0.648159
89600 3.2 590574 0.648512
89800 3.2 597344 0.650085
90000 3.2 599986 0.644403
90200 3.2 593668 0.652099
90400 3.2 595637 0.653107
90600 3.2 596455 0.647728
90800 3.2 595555 0.654014
91000 3.2 600900 0.650659
91200 3.2 599794 0.657575
91400 3.2 596527 0.652072
91600 3.2 596787 0.659929
91800 3.2 603690 0.657
92000 3.2 606267 0.665375
92200 3.2 596619 0.666995
92400 3.2 604683 0.660141
92600 3.2 607402 0.66222
92800 3.2 607842 0.66619
93000 3.2 604785 0.666681
93200 3.2 607198 0.665315
93400 3.2 610487 0.668304
93600 3.2 609789 0.664644
93800 3.2 612170 0.672846
94000 3.2 611059 0.673042
94200 3.2 608624 0.668206
94400 3.2 614593 0.669131
94600 3.2 612855 0.67595
94800 3.2 611596 0.666979
95000 3.2 609755 0.67548
95200 3.2 616046 0.675631
95400 3.2 617767 0.679543
95600 3.2 612117 0.675622
95800 3.2 616550 0.679543
96000 3.2 616804 0.680157
96200 3.2 620280 0.682813
96400 3.2 617226 0.684109
96600 3.2 621752 0.67748
96800 3.2 619216 0.68639
97000 3.2 621203 0.686142
97200 3.2 624342 0.683916
97400 3.2 622525 0.682402
97600 3.2 626029 0.690839
97800 3.2 627917 0.68495
98000 3.2 628794 0.691002
98200 3.2 626781 0.689414
98400 3.2 625269 0.687985
98600 3.2 623588 0.691489
98800 3.2 627989 0.69724
99000 3.2 627206 0.69029
99200 3.2 623548 0.697598
99400 3.2 631847 0.697922
99600 3.2 632777 0.70473
99800 3.2 631895 0.697219
100000 3.2 634398 0.693904
100200 3.2 634492 0.704693
100400 3.2 631938 0.702032
100600 3.2 632234 0.702486
100800 3.2 637574 0.708165
101000 3.2 637633 0.701378
101200 3.2 635686 0.706631
101400 3.2 640653 0.709404
101600 3.2 635112 0.707597
101800 3.2 636343 0.707817
102000 3.2 640823 0.714596
102200 3.2 638586 0.710955
102400 3.2 645271 0.713511
102600 3.2 638374 0.711687
102800 3.2 641664 0.715659
103000 3.2 643738 0.720445
103200 3.2 647132 0.719851
103400 3.2 640511 0.716065
103600 3.2 644916 0.71939
103800 3.2 647064 0.718777
104000 3.2 643350 0.721678
104200 3.2 650315 0.724493
104400 3.2 642440 0.722836
104600 3.2 645974 0.723584
104800 3.2 648742 0.722241
105000 3.2 651655 0.729113
105200 3.2 649100 0.724447
105400 3.2 650305 0.733337
105600 3.2 649634 0.72819
105800 3.2 646859 0.72713
106000 3.2 650849 0.731698
106200 3.2 651439 0.733609
106400 3.2 653079 0.735962
106600 3.2 650946 0.728899
106800 3.2 652972 0.735978
107000 3.2 650564 0.736568
107200 3.2 653735 0.736586
107400 3.2 654022 0.741157
107600 3.2 656717 0.736229
107800 3.2 659083 0.735065
108000 3.2 659484 0.746838
108200 3.2 662422 0.733278
108400 3.2 658368 0.742653
108600 3.2 664666 0.73939
108800 3.2 663748 0.745945
109000 3.2 659234 0.739634
109200 3.2 665486 0.74389
109400 3.2 664228 0.747487
109600 3.2 672768 0.752006
109800 3.2 662967 0.746204
110000 3.2 663026 0.754354
110200 3.2 665478 0.75373
110400 3.2 671978 0.755363
110600 3.2 667795 0.751566
110800 3.2 665297 0.756249
111000 3.2 667675 0.757421
111200 3.2 672055 0.749732
111400 3.2 674494 0.752432
111600 3.2 670183 0.756758
111800 3.2 668782 0.766798
112000 3.2 669296 0.76272
112200 3.2 678860 0.756657
112400 3.2 676336 0.768493
112600 3.2 675158 0.759913
112800 3.2 675176 0.765293
113000 3.2 677518 0.767609
113200 3.2 675136 0.759618
113400 3.2 676953 0.76811
113600 3.2 677291 0.767008
113800 3.2 674098 0.763699
114000 3.2 677474 0.771896
114200 3.2 677597 0.772127
114400 3.2 681426 0.770038
114600 3.2 684532 0.770222
114800 3.2 678398 0.779407
115000 3.2 682566 0.772699
115200 3.2 684879 0.779179
115400 3.2 682880 0.779228
115600 3.2 686126 0.775131
115800 3.2 687651 0.776756
116000 3.2 682792 0.784114
116200 3.2 683467 0.776358
116400 3.2 688804 0.781983
116600 3.2 692094 0.781281
116800 3.2 687757 0.791334
117000 3.2 692142 0.788012
117200 3.2 685004 0.783641
117400 3.2 692197 0.788926
117600 3.2 687299 0.781423
117800 3.2 690980 0.788482
118000 3.2 684626 0.795227
118200 3.2 689583 0.789321
118400 3.2 694631 0.794746
118600 3.2 691378 0.79241
118800 3.2 692058 0.795759
119000 3.2 691532 0.799538
119200 3.2 685213 0.790358
119400 3.2 698701 0.794954
119600 3.2 696392 0.799006
119800 3.2 694181 0.791424
120000 3.2 700622 0.800202
120200 3.2 694392 0.802414
120400 3.2 697343 0.803288
120600 3.2 699276 0.805256
120800 3.2 697416 0.804185
121000 3.2 700946 0.797812
121200 3.2 706261 0.804428
121400 3.2 700570 0.80367
121600 3.2 700538 0.805034
121800 3.2 707487 0.810027
122000 3.2 701584 0.808929
122200 3.2 703072 0.803005
122400 3.2 703213 0.815762
122600 3.2 700063 0.815174
122800 3.2 703553 0.805321
123000 3.2 708641 0.81535
123200 3.2 712937 0.815743
123400 3.2 700534 0.815006
123600 3.2 705940 0.815802
123800 3.2 713772 0.818006
124000 3.2 710479 0.817719
124200 3.2 713911 0.823741
124400 3.2 712320 0.814838
124600 3.2 710277 0.825561
124800 3.2 711722 0.824085
125000 3.2 709503 0.814035
125200 3.2 716945 0.820099
125400 3.2 716879 0.828592
125600 3.2 715354 0.822613
125800 3.2 719061 0.83223
126000 3.2 712592 0.829596
126200 3.2 711645 0.821425
126400 3.2 716211 0.83273
126600 3.2 719094 0.833083
126800 3.2 712438 0.836575
127000 3.2 724595 0.836925
127200 3.2 715066 0.835919
127400 3.2 721534 0.834205
127600 3.2 716933 0.841581
127800 3.2 719705 0.83578
128000 3.2 724608 0.842134
128200 3.2 725673 0.842656
128400 3.2 723837 0.834193
128600 3.2 723347 0.845066
128800 3.2 725343 0.838385
129000 3.2 725630 0.849393
129200 3.2 724065 0.848306
129400 3.2 722528 0.846551
129600 3.2 729415 0.851999
129800 3.2 728827 0.84581
130000 3.2 731240 0.850775
130200 3.2 727206 0.850748
130400 3.2 725904 0.859131
130600 3.2 723778 0.848784
130800 3.2 733820 0.850834
131000 3.2 733279 0.856189
131200 3.2 733625 0.853351
131400 3.2 733484 0.858707
131600 3.2 734819 0.86074
131800 3.2 735752 0.849485
132000 3.2 734517 0.858934
132200 3.2 735596 0.87014
132400 3.2 733954 0.862508
132600 3.2 740355 0.861707
132800 3.2 737848 0.870851
133000 3.2 737021 0.858392
133200 3.2 736495 0.866261
133400 3.2 742275 0.866707
133600 3.2 734936 0.864838
133800 3.2 743336 0.862786
134000 3.2 743176 0.86734
134200 3.2 745213 0.872053
134400 3.2 747183 0.871441
134600 3.2 737370 0.870714
134800 3.2 741944 0.876362
135000 3.2 742288 0.874859
135200 3.2 753025 0.881021
135400 3.2 741388 0.879139
135600 3.2 742744 0.877012
135800 3.2 747483 0.879889
136000 3.2 747317 0.882173
136200 3.2 748905 0.881603
136400 3.2 748737 0.883343
136600 3.2 750652 0.874958
136800 3.2 745346 0.888317
137000 3.2 753417 0.884268
137200 3.2 754061 0.88479
137400 3.2 751314 0.890704
137600 3.2 751143 0.886268
137800 3.2 750474 0.888923
138000 3.2 751417 0.892802
138200 3.2 753959 0.880365
138400 3.2 755687 0.895936
138600 3.2 753917 0.886122
138800 3.2 756477 0.896532
139000 3.2 756147 0.892568
139200 3.2 759813 0.898351
139400 3.2 757587 0.896124
139600 3.2 756808 0.899115
139800 3.2 761510 0.901693
140000 3.2 759170 0.89976
140200 3.2 760305 0.906058
140400 3.2 761998 0.900308
140600 3.2 753589 0.901463
140800 3.2 755814 0.908663
141000 3.2 762482 0.910734
141200 3.2 761141 0.899617
141400 3.2 762462 0.913417
141600 3.2 760645 0.903366
141800 3.2 766292 0.907093
142000 3.2 769201 0.908377
142200 3.2 757690 0.907401
142400 3.2 765773 0.913262
142600 3.2 769336 0.912335
142800 3.2 770347 0.916692
143000 3.2 764212 0.914888
143200 3.2 772324 0.909293
143400 3.2 767908 0.921246
143600 3.2 769401 0.913946
143800 3.2 766556 0.912319
144000 3.2 772969 0.918918
144200 3.2 763345 0.920295
144400 3.2 778225 0.925953
144600 3.2 774088 0.9177
144800 3.2 775610 0.925579
145000 3.2 774346 0.925248
145200 3.2 772732 0.918007
145400 3.2 777296 0.930845
145600 3.2 772639 0.926879
145800 3.2 780417 0.931613
146000 3.2 776697 0.933344
146200 3.2 776910 0.928642
146400 3.2 780699 0.930917
146600 3.2 779974 0.931865
146800 3.2 779810 0.942727
147000 3.2 779358 0.930904
147200 3.2 781904 0.939182
147400 3.2 783070 0.93176
147600 3.2 779606 0.939104
147800 3.2 780931 0.938381
148000 3.2 782510 0.942
148200 3.2 783636 0.944246
148400 3.2 780725 0.940916
148600 3.2 784390 0.945519
148800 3.2 787671 0.944184
149000 3.2 786947 0.937795
149200 3.2 789793 0.948674
149400 3.2 790768 0.941594
149600 3.2 790320 0.951099
149800 3.2 782840 0.946868
150000 3.2 793954 0.942994
150200 3.2 792051 0.95146
150400 3.2 789029 0.940819
150600 3.2 792816 0.944684
150800 3.2 787810 0.956973
151000 3.2 796718 0.951268
151200 3.2 796172 0.957819
151400 3.2 790149 0.951269
151600 3.2 794756 0.956309
151800 3.2 795653 0.960816
152000 3.2 797830 0.957188
152200 3.2 796344 0.964145
152400 3.2 796944 0.96976
152600 3.2 792099 0.960693
152800 3.2 799350 0.964318
153000 3.2 797496 0.967317
153200 3.2 799530 0.963469
153400 3.2 799147 0.972295
153600 3.2 799433 0.966067
153800 3.2 798337 0.969404
154000 3.2 803054 0.974013
154200 3.2 797013 0.966416
154400 3.2 800420 0.974774
154600 3.2 800976 0.974134
154800 3.2 798244 0.97833
155000 3.2 804558 0.969295
155200 3.2 808570 0.975841
155400 3.2 800828 0.977122
155600 3.2 802929 0.974423
155800 3.2 807642 0.978901
156000 3.2 804105 0.973717
156200 3.2 803252 0.988297
156400 3.2 810609 0.971143
156600 3.2 803719 0.980952
156800 3.2 809421 0.984634
157000 3.2 805457 0.97868
157200 3.2 809752 0.988861
157400 3.2 806188 0.986063
157600 3.2 807187 0.983444
157800 3.2 817873 0.99025
158000 3.2 808570 0.981385
158200 3.2 811772 0.992742
158400 3.2 814960 1.00074
158600 3.2 816375 0.986355
158800 3.2 817915 0.991376
159000 3.2 821574 0.995472
159200 3.2 813347 1.00625
159400 3.2 819176 0.989664
159600 3.2 817740 0.995387
159800 3.2 821674 0.999887
160000 3.2 814681 0.99403
160200 3.2 821557 1.00531
160400 3.2 823760 1.0038
160600 3.2 818480 0.999477
160800 3.2 827737 1.00497
161000 3.2 821446 0.999139
161200 3.2 818885 1.01024
161400 3.2 825558 1.00607
161600 3.2 821413 1.00351
161800 3.2 826899 1.011
162000 3.2 828085 1.00731
162200 3.2 820185 1.01208
162400 3.2 828774 1.01714
162600 3.2 821937 1.01486
162800 3.2 829732 1.01161
163000 3.2 828852 1.01609
163200 3.2 835207 1.01341
163400 3.2 831596 1.02492
163600 3.2 828593 1.01823
163800 3.2 829027 1.01592
164000 3.2 836634 1.02223
164200 3.2 835283 1.01569
164400 3.2 825403 1.02444
164600 3.2 836964 1.02583
164800 3.2 835513 1.0157
165000 3.2 832581 1.024
165200 3.2 833557 1.02557
165400 3.2 828501 1.02613
165600 3.2 837227 1.03624
165800 3.2 832271 1.02802
166000 3.2 836653 1.03999
166200 3.2 838174 1.03171
166400 3.2 835968 1.03057
166600 3.2 839700 1.03579
166800 3.2 836448 1.0303
167000 3.2 842676 1.04071
167200 3.2 839259 1.03241
167400 3.2 835012 1.03832
167600 3.2 844565 1.04263
167800 3.2 846632 1.0449
168000 3.2 846340 1.03207
168200 3.2 847866 1.04096
168400 3.2 841501 1.03274
168600 3.2 843502 1.04462
168800 3.2 845042 1.04493
169000 3.2 838380 1.04116
169200 3.2 850023 1.04964
169400 3.2 842283 1.04807
169600 3.2 842994 1.04492
169800 3.2 845398 1.05839
170000 3.2 841203 1.04825
170200 3.2 844723 1.04599
170400 3.2 852675 1.04957
170600 3.2 851814 1.04498
170800 3.2 852796 1.0577
171000 3.2 859008 1.04824
171200 3.2 849200 1.05659
171400 3.2 859184 1.05391
171600 3.2 860508 1.05338
171800 3.2 853755 1.05593
172000 3.2 849766 1.05944
172200 3.2 848927 1.06649
172400 3.2 854621 1.05908
172600 3.2 849743 1.0573
172800 3.2 860236 1.06074
173000 3.2 857672 1.06524
173200 3.2 857984 1.05904
173400 3.2 864586 1.06611
173600 3.2 860215 1.0602
173800 3.2 864270 1.07396
174000 3.2 856728 1.07173
174200 3.2 857913 1.06833
174400 3.2 864946 1.07814
174600 3.2 858707 1.07162
174800 3.2 859700 1.06614
175000 3.2 858591 1.08187
175200 3.2 867127 1.07281
175400 3.2 863826 1.07715
175600 3.2 872764 1.07523
175800 3.2 867096 1.07639
176000 3.2 863298 1.07881
176200 3.2 868214 1.08706
176400 3.2 858161 1.0813
176600 3.2 864539 1.08402
176800 3.2 866720 1.08261
177000 3.2 869723 1.08128
177200 3.2 864682 1.09154
177400 3.2 869119 1.08647
177600 3.2 868127 1.08849
177800 3.2 870202 1.0903
178000 3.2 873227 1.09801
178200 3.2 873059 1.09715
178400 3.2 871732 1.08464
178600 3.2 873779 1.09576
178800 3.2 877531 1.09013
179000 3.2 869216 1.08571
179200 3.2 872914 1.09716
179400 3.2 875126 1.10347
179600 3.2 871798 1.09065
179800 3.2 877046 1.09993
180000 3.2 873874 1.10441
180200 3.2 874764 1.09766
180400 3.2 876847 1.09632
180600 3.2 881976 1.10236
180800 3.2 875044 1.09955
181000 3.2 877965 1.10779
181200 3.2 884121 1.10256
181400 3.2 879244 1.11763
181600 3.2 878038 1.10231
181800 3.2 886284 1.11218
182000 3.2 880768 1.116
182200 3.2 881092 1.10448
182400 3.2 882771 1.11932
182600 3.2 883439 1.11173
182800 3.2 877819 1.10461
183000 3.2 884944 1.12042
183200 3.2 893023 1.10967
183400 3.2 888804 1.11744
183600 3.2 895755 1.11576
183800 3.2 889909 1.11395
184000 3.2 895593 1.11183
184200 3.2 887096 1.12379
184400 3.2 891405 1.11947
184600 3.2 892245 1.12138
184800 3.2 889654 1.13361
185000 3.2 893978 1.11613
185200 3.2 886593 1.13163
185400 3.2 887670 1.13216
185600 3.2 893745 1.12919
185800 3.2 902883 1.1273
186000 3.2 892782 1.1284
186200 3.2 898516 1.12522
186400 3.2 898424 1.13781
186600 3.2 895436 1.13054
186800 3.2 898809 1.14307
187000 3.2 902715 1.13605
187200 3.2 892446 1.13385
187400 3.2 895820 1.14458
187600 3.2 897142 1.12798
187800 3.2 898922 1.13277
188000 3.2 900113 1.14177
188200 3.2 900805 1.1433
188400 3.2 901689 1.13448
188600 3.2 903570 1.15094
188800 3.2 904514 1.14464
189000 3.2 901121 1.13454
189200 3.2 902621 1.15159
189400 3.2 907373 1.13941
189600 3.2 907355 1.15041
189800 3.2 906835 1.14979
190000 3.2 905548 1.13812
190200 3.2 908288 1.15596
190400 3.2 905131 1.15028
190600 3.2 910879 1.1495
190800 3.2 911929 1.15258
191000 3.2 906929 1.15547
191200 3.2 911384 1.15142
191400 3.2 910021 1.1648
191600 3.2 908921 1.14873
191800 3.2 911936 1.15353
192000 3.2 918006 1.1602
192200 3.2 906659 1.15456
192400 3.2 908971 1.15935
192600 3.2 914725 1.16865
192800 3.2 914948 1.15574
193000 3.2 913476 1.16597
193200 3.2 911996 1.16693
193400 3.2 911622 1.16448
193600 3.2 916226 1.17005
193800 3.2 915846 1.16613
194000 3.2 916188 1.17478
194200 3.2 922069 1.17383
194400 3.2 915570 1.16758
194600 3.2 921872 1.17022
194800 3.2 923690 1.17249
195000 3.2 927510 1.18135
195200 3.2 915249 1.17742
195400 3.2 923962 1.1803
195600 3.2 925150 1.18229
195800 3.2 917037 1.17865
196000 3.2 923690 1.18835
196200 3.2 923322 1.17733
196400 3.2 916642 1.1848
196600 3.2 927546 1.19312
196800 3.2 920296 1.18276
197000 3.2 924465 1.18224
197200 3.2 932327 1.18135
197400 3.2 923591 1.18471
197600 3.2 919625 1.19378
197800 3.2 928188 1.19274
198000 3.2 925195 1.18368
198200 3.2 929338 1.19849
198400 3.2 926526 1.19412
198600 3.2 929695 1.19015
198800 3.2 934371 1.19343
199000 3.2 929979 1.18916
199200 3.2 934720 1.1939
199400 3.2 919849 1.20804
199600 3.2 926095 1.19046
199800 3.2 929932 1.20988
200000 3.2 935157 1.19623
200200 3.2 934728 1.20124
200400 3.2 939865 1.20558
200600 3.2 935286 1.19739
200800 3.2 930728 1.20604
201000 3.2 936166 1.20809
201200 3.2 941902 1.20081
201400 3.2 931653 1.19809
201600 3.2 940799 1.20753
201800 3.2 940097 1.20976
202000 3.2 941060 1.19644
202200 3.2 939074 1.21489
202400 3.2 942352 1.2021
202600 3.2 946976 1.21331
202800 3.2 936584 1.2048
203000 3.2 938090 1.21553
203200 3.2 944859 1.21856
203400 3.2 942493 1.21459
203600 3.2 941783 1.22296
203800 3.2 947378 1.22484
204000 3.2 944661 1.21252
204200 3.2 949169 1.21996
204400 3.2 951544 1.21509
204600 3.2 938799 1.22508
204800 3.2 938506 1.22621
205000 3.2 955682 1.22127
205200 3.2 951280 1.23181
205400 3.2 946403 1.22409
205600 3.2 950349 1.23916
205800 3.2 951680 1.22717
206000 3.2 950532 1.23241
206200 3.2 957781 1.23244
206400 3.2 952540 1.21494
206600 3.2 956622 1.22868
206800 3.2 949553 1.23587
207000 3.2 949118 1.22592
207200 3.2 961363 1.23312
207400 3.2 951785 1.24267
207600 3.2 945688 1.2366
207800 3.2 955810 1.23935
208000 3.2 951395 1.25007
208200 3.2 944829 1.23634
208400 3.2 957125 1.24246
208600 3.2 956289 1.2482
208800 3.2 949991 1.23391
209000 3.2 958871 1.24237
209200 3.2 959386 1.24897
209400 3.2 961917 1.23588
209600 3.2 965332 1.24856
209800 3.2 959476 1.23951
210000 3.2 968695 1.25284
210200 3.2 963158 1.25573
210400 3.2 959213 1.24787
210600 3.2 963882 1.25608
210800 3.2 960491 1.24484
211000 3.2 967267 1.2599
211200 3.2 967235 1.25542
211400 3.2 962663 1.24948
211600 3.2 970814 1.25543
211800 3.2 968507 1.25495
212000 3.2 970878 1.26572
212200 3.2 966242 1.25594
212400 3.2 967039 1.26064
212600 3.2 972590 1.2576
212800 3.2 973878 1.26298
213000 3.2 971307 1.26252
213200 3.2 975360 1.26549
213400 3.2 971591 1.27088
213600 3.2 971302 1.26096
213800 3.2 970783 1.27596
214000 3.2 972646 1.2666
214200 3.2 979359 1.26472
214400 3.2 969787 1.27559
214600 3.2 969275 1.27729
214800 3.2 978140 1.27537
215000 3.2 973760 1.27551
215200 3.2 970501 1.26754
215400 3.2 979660 1.28035
215600 3.2 976985 1.27709
215800 3.2 978943 1.2715
216000 3.2 984341 1.27795
216200 3.2 980258 1.27431
216400 3.2 980568 1.28888
216600 3.2 988178 1.27907
216800 3.2 977713 1.27903
217000 3.2 983470 1.29353
217200 3.2 979971 1.28126
217400 3.2 984036 1.28143
217600 3.2 984320 1.29862
217800 3.2 978438 1.28883
218000 3.2 980954 1.29383
218200 3.2 997952 1.30415
218400 3.2 989694 1.29483
218600 3.2 982600 1.28833
218800 3.2 987639 1.29902
219000 3.2 988359 1.29811
219200 3.2 991404 1.2913
219400 3.2 988895 1.29967
219600 3.2 980548 1.29283
219800 3.2 996046 1.29909
220000 3.2 993426 1.29582
220200 3.2 986459 1.30328
220400 3.2 993906 1.3084
220600 3.2 987822 1.30281
220800 3.2 994270 1.31039
221000 3.2 984703 1.29644
221200 3.2 993940 1.30251
221400 3.2 994552 1.31505
221600 3.2 985532 1.29891
221800 3.2 995880 1.3021
222000 3.2 990941 1.31319
222200 3.2 1.00086e+06 1.31015
222400 3.2 1.00318e+06 1.3013
222600 3.2 996588 1.32057
222800 3.2 1.00131e+06 1.31106
223000 3.2 990698 1.30308
223200 3.2 995159 1.31577
223400 3.2 1.00213e+06 1.31377
223600 3.2 992169 1.31088
223800 3.2 1.0122e+06 1.31324
224000 3.2 998365 1.31162
224200 3.2 1.00475e+06 1.32288
224400 3.2 1.00071e+06 1.31941
224600 3.2 1.00369e+06 1.32622
224800 3.2 1.00558e+06 1.32428
225000 3.2 1.00378e+06 1.31632
225200 3.2 1.00197e+06 1.33412
225400 3.2 997976 1.33089
225600 3.2 999751 1.33067
225800 3.2 1.00869e+06 1.33202
226000 3.2 1.00789e+06 1.32574
226200 3.2 998439 1.33724
226400 3.2 999479 1.35429
226600 3.2 1.00725e+06 1.33693
226800 3.2 1.00329e+06 1.33695
227000 3.2 1.00449e+06 1.34177
227200 3.2 1.0101e+06 1.33349
227400 3.2 1.00796e+06 1.34387
227600 3.2 1.01938e+06 1.33983
227800 3.2 1.00859e+06 1.33433
228000 3.2 1.0082e+06 1.35137
228200 3.2 1.00971e+06 1.34429
228400 3.2 1.0124e+06 1.33434
228600 3.2 1.01412e+06 1.33883
228800 3.2 1.01318e+06 1.34324
229000 3.2 1.00966e+06 1.35665
229200 3.2 1.02696e+06 1.34506
229400 3.2 1.00829e+06 1.3469
229600 3.2 1.01513e+06 1.35357
229800 3.2 1.0105e+06 1.3486
230000 3.2 1.01177e+06 1.35434
230200 3.2 1.02442e+06 1.35118
230400 3.2 1.0132e+06 1.35292
230600 3.2 1.01993e+06 1.35411
230800 3.2 1.01587e+06 1.36128
231000 3.2 1.0146e+06 1.3497
231200 3.2 1.02702e+06 1.35696
231400 3.2 1.02561e+06 1.35564
231600 3.2 1.02757e+06 1.34983
231800 3.2 1.01577e+06 1.36715
232000 3.2 1.02886e+06 1.35397
232200 3.2 1.01422e+06 1.34895
232400 3.2 1.02693e+06 1.36429
232600 3.2 1.025e+06 1.36248
232800 3.2 1.01961e+06 1.35678
233000 3.2 1.0221e+06 1.36703
233200 3.2 1.02906e+06 1.36972
233400 3.2 1.02989e+06 1.35978
233600 3.2 1.02846e+06 1.37999
233800 3.2 1.01959e+06 1.36757
234000 3.2 1.02461e+06 1.37207
234200 3.2 1.02971e+06 1.38779
234400 3.2 1.03235e+06 1.38062
234600 3.2 1.03064e+06 1.36537
234800 3.2 1.02736e+06 1.37802
235000 3.2 1.03089e+06 1.37758
235200 3.2 1.0235e+06 1.37204
235400 3.2 1.03436e+06 1.37917
235600 3.2 1.02678e+06 1.37703
235800 3.2 1.03855e+06 1.38626
236000 3.2 1.02719e+06 1.37345
236200 3.2 1.04068e+06 1.38891
236400 3.2 1.02994e+06 1.37553
236600 3.2 1.03117e+06 1.38362
236800 3.2 1.03377e+06 1.39373
237000 3.2 1.03409e+06 1.38153
237200 3.2 1.03593e+06 1.38769
237400 3.2 1.03976e+06 1.37342
237600 3.2 1.03996e+06 1.38815
237800 3.2 1.03744e+06 1.393
238000 3.2 1.03556e+06 1.38339
238200 3.2 1.03962e+06 1.39617
238400 3.2 1.03292e+06 1.38171
238600 3.2 1.05038e+06 1.39365
238800 3.2 1.04528e+06 1.39277
239000 3.2 1.03784e+06 1.37946
239200 3.2 1.04603e+06 1.39824
239400 3.2 1.04484e+06 1.39347
239600 3.2 1.04506e+06 1.38899
239800 3.2 1.05137e+06 1.40009
240000 3.2 1.03819e+06 1.39145
240200 3.2 1.03788e+06 1.40855
240400 3.2 1.04839e+06 1.39819
240600 3.2 1.04944e+06 1.41546
240800 3.2 1.04438e+06 1.39958
241000 3.2 1.04742e+06 1.40398
241200 3.2 1.0548e+06 1.40452
241400 3.2 1.04427e+06 1.39764
241600 3.2 1.05026e+06 1.407
241800 3.2 1.04796e+06 1.41065
242000 3.2 1.04234e+06 1.41584
242200 3.2 1.05879e+06 1.40696
242400 3.2 1.04155e+06 1.4082
242600 3.2 1.04593e+06 1.41949
242800 3.2 1.05845e+06 1.41111
243000 3.2 1.04093e+06 1.40874
243200 3.2 1.05644e+06 1.40975
243400 3.2 1.06337e+06 1.41051
243600 3.2 1.05593e+06 1.41469
243800 3.2 1.05038e+06 1.424
244000 3.2 1.05247e+06 1.41021
244200 3.2 1.05928e+06 1.42763
244400 3.2 1.05288e+06 1.42093
244600 3.2 1.05679e+06 1.42234
244800 3.2 1.05057e+06 1.43492
245000 3.2 1.05152e+06 1.41815
245200 3.2 1.06714e+06 1.42702
245400 3.2 1.05243e+06 1.43796
245600 3.2 1.05713e+06 1.42201
245800 3.2 1.05844e+06 1.42345
246000 3.2 1.06291e+06 1.43497
246200 3.2 1.06347e+06 1.42683
246400 3.2 1.06579e+06 1.43783
246600 3.2 1.05892e+06 1.43635
246800 3.2 1.05907e+06 1.43646
247000 3.2 1.06635e+06 1.44195
247200 3.2 1.0559e+06 1.43643
247400 3.2 1.0645e+06 1.43772
247600 3.2 1.07044e+06 1.43866
247800 3.2 1.06229e+06 1.43134
248000 3.2 1.06722e+06 1.43974
248200 3.2 1.0739e+06 1.44237
248400 3.2 1.05396e+06 1.43869
248600 3.2 1.07313e+06 1.44258
248800 3.2 1.07316e+06 1.4403
249000 3.2 1.06178e+06 1.4301
249200 3.2 1.06279e+06 1.45204
249400 3.2 1.07293e+06 1.44687
249600 3.2 1.08156e+06 1.45352
249800 3.2 1.0684e+06 1.44601
250000 3.2 1.07619e+06 1.454
250200 3.2 1.06834e+06 1.44345
250400 3.2 1.0652e+06 1.45248
250600 3.2 1.07289e+06 1.45533
250800 3.2 1.07179e+06 1.4607
251000 3.2 1.07046e+06 1.44255
251200 3.2 1.07134e+06 1.46027
251400 3.2 1.07679e+06 1.45297
251600 3.2 1.06581e+06 1.45461
251800 3.2 1.06979e+06 1.46893
252000 3.2 1.0787e+06 1.45718
252200 3.2 1.0724e+06 1.44531
252400 3.2 1.07347e+06 1.46761
252600 3.2 1.08484e+06 1.45605
252800 3.2 1.07522e+06 1.47689
253000 3.2 1.07758e+06 1.45699
253200 3.2 1.07706e+06 1.46828
253400 3.2 1.07421e+06 1.47137
253600 3.2 1.08136e+06 1.4617
253800 3.2 1.07429e+06 1.46141
254000 3.2 1.08597e+06 1.46508
254200 3.2 1.07676e+06 1.47229
254400 3.2 1.08844e+06 1.45703
254600 3.2 1.08757e+06 1.47514
254800 3.2 1.08484e+06 1.47197
255000 3.2 1.09405e+06 1.47565
255200 3.2 1.08248e+06 1.47308
255400 3.2 1.08752e+06 1.47404
255600 3.2 1.08839e+06 1.48327
255800 3.2 1.08487e+06 1.47194
256000 3.2 1.089e+06 1.48067
256200 3.2 1.0796e+06 1.48859
256400 3.2 1.09155e+06 1.47258
256600 3.2 1.10136e+06 1.48948
256800 3.2 1.0871e+06 1.4794
257000 3.2 1.07657e+06 1.47016
257200 3.2 1.08175e+06 1.49924
257400 3.2 1.08863e+06 1.48047
257600 3.2 1.09013e+06 1.48454
257800 3.2 1.09213e+06 1.50235
258000 3.2 1.09471e+06 1.48546
258200 3.2 1.09262e+06 1.48848
258400 3.2 1.09498e+06 1.48832
258600 3.2 1.09426e+06 1.50343
258800 3.2 1.08746e+06 1.48736
259000 3.2 1.09775e+06 1.50168
259200 3.2 1.09938e+06 1.4844
259400 3.2 1.10347e+06 1.5076
259600 3.2 1.09435e+06 1.48999
259800 3.2 1.09915e+06 1.50389
260000 3.2 1.10114e+06 1.49327
