# Time-averaged data for fix logger
# TimeStep v_P c_Fobs c_Fsum
10000 5794 -3.88578e-16 106.672
10500 -795.738 -2.33147e-15 91.6414
11000 -6797.54 -5.55112e-16 99.2473
11500 -8462.36 -6.66134e-16 89.8549
12000 8841.18 4.32987e-15 106.88
12500 6918.88 -3.33067e-16 92.516
13000 6562.97 2.10942e-15 98.9121
13500 2561.17 -1.16573e-15 95.1668
14000 9623.93 2.66454e-15 95.97
14500 650.044 -1.05471e-15 103.808
15000 -6813.02 0 100.602
15500 -12009.8 -1.4988e-15 94.5558
16000 3189.35 1.27676e-15 98.4834
16500 11211.8 2.38698e-15 98.1621
17000 11479.4 -2.88658e-15 104.682
17500 1372.33 2.2482e-15 93.2281
18000 -2476.33 4.44089e-15 103.912
18500 517.682 2.33147e-15 93.907
19000 17081.8 6.66134e-16 100.798
19500 13070.2 -1.22125e-15 97.6795
20000 4705.7 -2.16493e-15 98.2331
20500 3666.08 1.54043e-15 106.081
21000 7017.27 -3.4972e-15 109.12
21500 13649.1 -1.27676e-15 98.5182
22000 7860.19 3.46945e-16 99.8761
22500 3137.21 -1.66533e-16 97.4586
23000 -11410 1.66533e-15 102.168
23500 -111.308 2.77556e-15 99.197
24000 5952.89 2.22045e-16 97.0673
24500 15859 -1.66533e-15 90.6601
25000 10108 2.33147e-15 98.1073
25500 18280.5 -6.66134e-16 98.2462
26000 11090 -1.55431e-15 102.14
26500 332.331 7.77156e-16 98.6795
27000 1518.17 7.21645e-16 99.5159
27500 -4327.15 9.99201e-16 97.0796
28000 5413.02 -1.66533e-15 94.0785
28500 4207.59 1.97065e-15 108.074
29000 12788.9 -1.16573e-15 102.162
29500 10170.7 1.66533e-16 100.801
30000 18911.8 1.04083e-15 100.073
30500 15563.6 1.88738e-15 104.103
31000 5774.09 -2.66454e-15 100.898
31500 3282.17 0 100.666
32000 786.562 -7.77156e-16 96.687
32500 9696.01 -1.95677e-15 102.203
33000 4111.26 3.747e-15 102.972
33500 17807.2 -2.22045e-16 107.641
34000 16153.5 -4.35763e-15 103.341
34500 14301.8 -1.11022e-15 107.359
35000 11865.4 1.77636e-15 102.969
35500 11018.7 8.32667e-16 104.181
36000 12118.4 -2.05391e-15 101.321
36500 6532.91 -9.99201e-16 94.99
37000 7945.39 2.9976e-15 110.314
37500 5955.87 1.66533e-16 103.371
38000 16261.2 -3.88578e-16 101.47
38500 19788 1.11022e-15 103.224
39000 27654.2 -4.02456e-16 106.498
39500 28733.9 3.33067e-16 98.9708
40000 19872.1 -3.38618e-15 101.433
40500 15205.4 8.88178e-16 102.54
41000 7153.58 3.88578e-16 106.032
41500 11140.9 -3.10862e-15 104.88
42000 14870.6 2.498e-15 97.2666
42500 17196.3 -2.22045e-16 104.935
43000 24432.9 -6.10623e-16 108.615
43500 31765.8 -9.99201e-16 104.525
44000 25587 1.79023e-15 100.326
44500 20857.6 -1.77636e-15 104.286
45000 23890.7 1.77636e-15 109.871
45500 16066.2 -3.33067e-16 101.638
46000 12829.1 -9.71445e-16 94.3441
46500 14930.9 4.44089e-16 99.9165
47000 13236.8 -3.88578e-16 99.8584
47500 18179.6 -1.33227e-15 99.1115
48000 17520 -1.55431e-15 98.1023
48500 22862.1 0 98.1732
49000 25838 1.44329e-15 103.223
49500 30148.5 1.60982e-15 109.987
50000 29686.2 1.29063e-15 97.9809
50500 22551.4 1.84575e-15 96.9368
51000 22612 -5.55112e-17 103.41
51500 16360.8 1.54043e-15 100.272
52000 17736.5 4.996e-16 102.715
52500 21864.7 1.13798e-15 102.018
53000 25357.8 2.498e-15 101.496
53500 29899.3 -8.18789e-16 102.347
54000 34509.1 2.77556e-16 102.292
54500 29064.8 1.77636e-15 98.9965
55000 27874.5 1.60982e-15 105.229
55500 27212.9 -1.66533e-15 100.432
56000 30146.4 -6.66134e-16 105.988
56500 29694.9 -3.10862e-15 111.035
57000 19774.7 1.88738e-15 97.3691
57500 15442.5 -2.88658e-15 103.663
58000 15697.1 8.88178e-16 103.867
58500 19061.6 4.44089e-16 99.5198
59000 20744 -1.38778e-16 101.567
59500 22610.6 3.94129e-15 109.014
60000 23700.2 -2.33147e-15 104.566
60500 32278.6 1.58207e-15 105.552
61000 40328.1 -1.66533e-15 98.6341
61500 31319.8 -2.77556e-16 96.0756
62000 32179.2 1.33227e-15 97.3045
62500 28559.1 -4.44089e-16 104.195
63000 29206.3 1.11022e-16 106.518
63500 28183.7 0 105.622
64000 23632.6 1.38778e-15 98.6789
64500 25734.6 -2.23432e-15 104.805
65000 19552.2 1.55431e-15 98.6215
65500 20672.6 -1.55431e-15 106.394
66000 27741 -3.33067e-16 98.8279
66500 29909.2 -2.88658e-15 109.591
67000 32159.5 -1.30451e-15 101.983
67500 33450.9 -1.55431e-15 101.627
68000 29910.8 -6.66134e-16 102.583
68500 30145.9 0 102.264
69000 31973.4 5.55112e-16 102.575
69500 27931.3 -2.1233e-15 98.9387
70000 25635.2 7.77156e-16 105.161
70500 29869.2 5.55112e-16 99.5035
71000 24283.7 2.63678e-16 104.297
71500 29153.8 1.05471e-15 98.7826
72000 34128.7 1.11022e-15 102.529
72500 29428.1 -1.52656e-15 89.4332
73000 29004.6 8.88178e-16 98.1249
73500 30863.3 5.82867e-16 95.431
74000 27340.4 -7.35523e-16 98.8573
74500 31647.1 4.10783e-15 104.699
75000 33649.6 -7.21645e-16 103.281
75500 28793.9 -2.22045e-16 105.628
76000 30192.4 2.77556e-17 101.78
76500 32181 2.22045e-16 109.656
77000 29942.3 -1.73472e-15 101.307
77500 31684.3 2.22045e-15 106.196
78000 39200.3 -4.21885e-15 102.03
78500 42747.6 -2.66454e-15 99.1117
79000 45343.3 1.55431e-15 105.108
79500 44704.2 0 109.871
80000 42371.7 7.21645e-16 102.555
80500 39757.8 1.88738e-15 101.708
81000 47454.3 1.11022e-15 107.96
81500 44159.8 1.11022e-15 104.322
82000 38906.2 2.22045e-16 103.909
82500 40927.6 1.11022e-15 101.04
83000 34604.4 6.66134e-16 111.153
83500 30702 -1.44329e-15 101.073
84000 26721.9 -1.55431e-15 102.609
84500 25782.5 -2.33147e-15 95.4445
85000 29273.6 2.88658e-15 106.766
85500 33832.6 -3.33067e-16 103.017
86000 37742.3 -4.1217e-15 101.813
86500 32627.5 -9.99201e-16 99.2754
87000 22813.5 -5.55112e-16 103.077
87500 28182 -6.66134e-16 107.037
88000 35274.4 4.44089e-16 105.584
88500 33390.4 -1.38778e-15 105.175
89000 30893.9 1.16573e-15 95.4173
89500 37576.5 -3.9968e-15 101.697
90000 40710.2 8.46545e-16 95.6235
90500 42059.7 1.9984e-15 109.763
91000 39949.9 2.30371e-15 101.921
91500 44598.6 1.4988e-15 101.619
92000 47848.3 -4.71845e-16 102.969
92500 49722.3 4.44089e-16 99.4593
93000 44235.5 1.4988e-15 100.326
93500 44090.1 1.67921e-15 98.4525
94000 45523.8 -9.99201e-16 102.636
94500 41719 1.97065e-15 103.492
95000 39664.1 8.60423e-16 108.895
95500 42199.1 8.04912e-16 100.795
96000 44084.3 6.10623e-16 99.0684
96500 38780.2 7.49401e-16 101.692
97000 37379.5 2.66454e-15 98.8442
97500 40322.6 -2.69229e-15 101.126
98000 41191.3 7.77156e-16 104.206
98500 45879.7 -1.33227e-15 106.965
99000 47421.6 3.19189e-16 104.382
99500 44898.2 4.996e-16 101.085
100000 47681.8 5.55112e-16 105.962
100500 46012.1 9.4369e-16 103.647
101000 46675 -9.99201e-16 104.831
101500 51517.3 8.88178e-16 101
102000 54760 -1.66533e-16 109.797
102500 59716.5 0 93.808
103000 55959.2 9.99201e-16 105.172
103500 56214.3 -4.44089e-16 90.077
104000 57193.6 9.99201e-16 109.715
104500 60306.5 -1.09635e-15 98.1631
105000 64371.9 -7.77156e-16 98.6385
105500 63555 1.66533e-15 104.206
106000 54990.3 2.77556e-17 105.709
106500 54772.4 7.77156e-16 100.179
107000 55499.9 1.11022e-16 107.651
107500 55881.6 -1.88738e-15 103.908
108000 51027.4 8.74301e-16 102.916
108500 46242.2 7.77156e-16 99.3185
109000 48384.1 1.38778e-15 101.829
109500 49685.3 -2.08167e-16 102.973
110000 42755.3 1.11022e-15 100.216
110500 40120.5 -1.9984e-15 106.87
111000 44691.7 2.498e-16 109.185
111500 49804.9 -2.27596e-15 100.388
112000 50865 -1.60982e-15 108.451
112500 47177.6 -4.44089e-16 106.049
113000 47112.4 1.38778e-15 100.513
113500 50626.6 2.22045e-15 103.927
114000 54557.2 7.21645e-16 96.7821
114500 57265.9 -1.26288e-15 110.876
115000 57858.4 2.22045e-15 105.211
115500 54475.8 1.05471e-15 102.042
116000 56750.4 1.27676e-15 102.18
116500 60826 1.11022e-15 103.834
117000 63313 -8.88178e-16 103.556
117500 64061.1 -1.72085e-15 101.535
118000 69411.2 -8.32667e-16 97.9545
118500 69009.1 4.44089e-16 108.386
119000 62096.9 -3.08087e-15 107.665
119500 59054.9 -8.88178e-16 97.4146
120000 56646.5 2.10942e-15 104.619
120500 50350.1 -2.77556e-16 104.791
121000 44974.5 1.16573e-15 101.316
121500 46638.8 2.55351e-15 106.388
122000 56172.2 -4.44089e-16 103.357
122500 56875.3 3.88578e-16 103.397
123000 57321.4 -1.9984e-15 100.058
123500 62359.8 1.11022e-15 116.244
124000 67744.7 1.66533e-16 108.843
124500 73881.3 -6.93889e-17 106.048
125000 69529.1 1.94289e-16 99.8263
125500 67457.6 4.44089e-16 99.7313
126000 60461.9 2.08167e-16 111.011
126500 61846.3 5.55112e-16 104.248
127000 58241.5 9.4369e-16 103.585
127500 55989.6 -2.498e-15 102.912
128000 40512.7 7.35523e-16 98.5755
128500 48897.9 1.33227e-15 103.024
129000 59222.7 1.66533e-16 98.8213
129500 64841.4 -3.33067e-16 104.667
130000 64662.1 1.11022e-15 104.867
130500 67766.8 1.11022e-15 105.629
131000 69244.7 -2.10942e-15 107.355
131500 66417 2.22045e-15 97.6257
132000 62325.7 1.08247e-15 107.165
132500 53438 2.13718e-15 90.7284
133000 52171.8 2.08167e-16 103.338
133500 58340.5 7.77156e-16 98.3867
134000 60483.6 2.05391e-15 102.81
134500 66143.5 4.69069e-15 109.4
135000 77471.9 -7.49401e-16 115.371
135500 86863.4 -3.38618e-15 105.08
136000 72189.4 -2.55351e-15 99.7304
136500 68726.1 -1.22125e-15 106.453
137000 67161.7 -1.56819e-15 104.359
137500 61200.8 7.77156e-16 104.826
138000 56571.4 -4.44089e-16 103.889
138500 58577.3 6.38378e-16 106.627
139000 65727.2 1.4988e-15 106.228
139500 66088 4.16334e-17 107.205
140000 75405.4 3.55271e-15 100.886
140500 78248.7 6.93889e-16 106.88
141000 72084.3 -2.38698e-15 104.149
141500 72465.3 2.33147e-15 95.6873
142000 70950.2 -4.44089e-16 109.096
142500 58306.1 -1.7486e-15 102.769
143000 55127 -1.60288e-15 101.372
143500 62855 1.77636e-15 108.553
144000 67344 3.88578e-16 104.858
144500 73961.4 6.66134e-16 108.321
145000 80340.3 3.21965e-15 97.9529
145500 83277.1 2.28983e-15 103.343
146000 69867.6 -1.44329e-15 105.622
146500 62052.4 -2.10942e-15 96.7515
147000 67449.3 -4.44089e-16 99.6487
147500 70462.8 -8.88178e-16 100.782
148000 75299.5 -1.04083e-15 111.789
148500 86053.7 -1.88738e-15 105.847
149000 83396.7 -1.38778e-16 96.5862
149500 74427.2 -1.94289e-15 105.383
150000 71323.7 4.996e-16 104.011
150500 71086.7 -1.22125e-15 110.329
151000 72988.4 2.10942e-15 108.982
151500 72577 1.47105e-15 95.9474
152000 75914.8 -2.498e-16 105.205
152500 81561.2 1.02696e-15 106.278
153000 81034.9 -1.15186e-15 103.06
153500 70205.2 2.22045e-15 104.996
154000 66271 -2.44249e-15 102.81
154500 72929 4.10783e-15 109.382
155000 76535.1 -2.41474e-15 104.141
155500 74377.7 -7.77156e-16 112.124
156000 74848.7 -1.11022e-15 97.3714
156500 80658.1 -2.66454e-15 106.938
157000 83871.7 1.11022e-16 96.0603
157500 78221.4 1.77636e-15 104.12
158000 66194.1 -5.55112e-17 92.772
158500 70935.3 -1.11022e-15 101.314
159000 72282.6 1.249e-15 105.39
159500 76081.6 1.26288e-15 101.25
160000 85580.7 2.22045e-16 108.996
160500 95826.3 -5.55112e-16 108.476
161000 89086.7 8.32667e-16 105.692
161500 75699.6 -1.9984e-15 97.5515
162000 72976.2 1.9984e-15 97.6139
162500 73281.8 2.22045e-16 109.603
163000 78894.1 -2.66454e-15 98.2681
163500 89618 2.44249e-15 101.711
164000 92187.4 -1.05471e-15 100.197
164500 85193.9 -3.83027e-15 103.116
165000 87974.4 -2.60902e-15 103.578
165500 81391.3 8.32667e-16 109.776
166000 69054.7 -8.88178e-16 103.108
166500 65332.3 -1.33227e-15 96.9672
167000 79005.9 -1.11022e-15 102.915
167500 88799.7 -1.55431e-15 93.6054
168000 88532.1 3.44169e-15 100.692
168500 82997 -1.55431e-15 107.621
169000 71280.1 8.88178e-16 99.4457
169500 70888.7 3.05311e-16 104.064
170000 82027.5 -1.9984e-15 103.589
170500 83102.3 -2.94209e-15 103.634
171000 88567.1 9.99201e-16 100.269
171500 90648.5 -2.34535e-15 105.995
172000 83497.9 8.32667e-16 107.881
172500 74387.8 -4.44089e-16 102.269
173000 81393.7 -1.9984e-15 108.864
173500 84674.9 -9.4369e-16 100.401
174000 92483.1 -1.33227e-15 101.364
174500 94758 1.33227e-15 101.981
175000 87787.5 -6.10623e-16 107.685
175500 74805.1 2.10942e-15 104.586
176000 79472.8 1.33227e-15 99.2429
176500 83220 -3.88578e-16 109.424
177000 87961 1.44329e-15 102.177
177500 91994.2 9.4369e-16 104.078
178000 90593.1 1.66533e-16 108.852
178500 79504.8 -1.11022e-16 101.844
179000 80746.2 3.83027e-15 99.7416
179500 88592.2 7.77156e-16 92.4866
180000 94233.4 5.55112e-17 96.4182
180500 90857.5 3.34455e-15 98.9746
181000 78041.3 -2.22045e-16 107.288
181500 76093.7 1.59595e-15 104.278
182000 90322.3 -8.32667e-16 98.7773
182500 95849.1 7.21645e-16 109.3
183000 93053.6 -8.88178e-16 102.917
183500 87267 2.22045e-16 98.8701
184000 84632.9 2.498e-15 98.746
184500 84772.3 4.996e-16 95.9807
185000 98906.9 -5.55112e-16 111.001
185500 101653 1.44329e-15 105.917
186000 92178.4 1.83187e-15 107.596
186500 91706.4 -6.66134e-16 99.7439
187000 90562.5 8.88178e-16 102.939
187500 91195.4 3.60822e-16 100.879
188000 94276.2 -1.33227e-15 104.894
188500 97146.8 9.99201e-16 95.3912
189000 100598 -9.99201e-16 107.813
189500 83474.4 1.60982e-15 107.987
190000 82211.6 -7.77156e-16 104.341
190500 91521.6 1.66533e-16 111.093
191000 100454 -2.33147e-15 102.852
191500 98827.2 -1.88738e-15 99.4657
192000 93793.1 -1.05471e-15 109.422
192500 94244.1 1.88738e-15 105.684
193000 91003.1 5.55112e-17 110.213
193500 93647.4 -1.36002e-15 109.92
194000 102039 1.4988e-15 110.437
194500 113696 4.44089e-16 112.502
195000 103688 1.33227e-15 97.7958
195500 95082.8 -2.33147e-15 102.325
196000 96302.8 8.88178e-16 103.915
196500 102249 2.66454e-15 106.472
197000 99522.7 -1.94289e-15 100.393
197500 90772.4 2.77556e-16 103.899
198000 84294.2 2.22045e-16 107.134
198500 99704.5 -2.22045e-16 104.484
199000 103320 5.55112e-16 106.141
199500 98178.4 7.21645e-16 103.26
200000 93528.3 3.88578e-16 104.167
200500 87536.1 -8.95117e-16 104.331
201000 105109 1.22125e-15 101.168
201500 106857 1.11022e-16 105.363
202000 101689 1.27676e-15 97.296
202500 98780.8 -8.88178e-16 106.307
203000 99637.4 -1.36002e-15 101.725
203500 104034 -3.38618e-15 107.755
204000 112232 1.44329e-15 103.544
204500 103265 1.77636e-15 102.677
205000 92470 -2.498e-15 105.634
205500 99144.1 -6.66134e-16 95.5652
206000 112645 0 107.856
206500 115675 1.9984e-15 101.855
207000 94484.6 -1.63758e-15 105.726
207500 94570.7 7.77156e-16 102.103
208000 101738 3.33067e-16 104.633
208500 108614 1.32533e-15 104.098
209000 103076 -4.44089e-16 96.3148
209500 99034.6 -6.38378e-16 104.397
210000 101423 1.249e-15 114.576
210500 115808 -6.77236e-15 108.578
211000 120187 -7.77156e-16 107.346
211500 103337 5.55112e-17 105.563
212000 102261 -1.33227e-15 111.596
212500 106928 -6.245e-16 102.089
213000 113845 1.94289e-15 110.493
213500 108399 -1.9984e-15 101.124
214000 95470.7 4.44089e-16 111.1
214500 99055.9 -3.55271e-15 106.099
215000 113266 1.44329e-15 104.171
215500 113290 4.44089e-16 106.358
216000 107598 -2.22045e-16 100.791
216500 102848 -2.67841e-15 114.586
217000 111417 -2.23432e-15 101.153
217500 122529 8.88178e-16 103.755
218000 110000 -8.88178e-16 107.526
218500 101723 1.16573e-15 112.567
219000 105806 -9.99201e-16 111.63
219500 113601 1.55431e-15 109.32
220000 117773 -3.46945e-16 102.292
220500 106848 0 104.249
221000 98240.2 1.44329e-15 101.974
221500 110658 -1.11022e-15 109.398
222000 115150 -3.19189e-16 110.201
222500 112102 -1.60982e-15 111.08
223000 107488 0 108.248
223500 104651 1.27676e-15 111.972
224000 119581 -5.55112e-16 110.096
224500 122061 2.22045e-16 101.631
225000 105270 4.16334e-15 107.93
225500 106955 1.55431e-15 99.3226
226000 113458 3.19189e-15 104.816
226500 117956 1.55431e-15 107.486
227000 110641 -1.16573e-15 105.994
227500 92377.1 -1.83187e-15 101.964
228000 112054 -1.88738e-15 106.539
228500 120315 2.77556e-16 105.198
229000 114938 -2.22045e-16 105.199
229500 104829 1.22125e-15 108.843
230000 103575 1.92901e-15 103.038
230500 124515 3.33067e-16 103.362
231000 120010 -4.44089e-16 103.484
231500 110821 2.22045e-16 112.989
232000 108554 1.11022e-16 98.0433
232500 120837 -1.11022e-16 106.259
233000 119403 -5.55112e-16 103.753
233500 95553.5 1.33227e-15 106.824
234000 112979 -7.77156e-16 107.764
234500 124470 -5.55112e-17 104.009
235000 122030 -3.3723e-15 107.939
235500 109723 1.11022e-16 97.9865
236000 116381 1.80411e-16 109.329
236500 126155 -2.20657e-15 112.799
237000 125561 4.02456e-15 106.198
237500 105455 4.44089e-16 107.773
238000 111663 -2.2482e-15 105.759
238500 120188 2.77556e-16 116.884
239000 117715 3.33067e-16 113.382
239500 111702 -9.71445e-16 108.488
240000 115814 -1.47105e-15 109.995
240500 128539 2.498e-15 103.527
241000 125197 -3.21965e-15 107.801
241500 112219 -1.15186e-15 99.1466
242000 119325 -2.22045e-16 110.509
242500 141337 1.44329e-15 106.418
243000 122161 -1.16573e-15 106.08
243500 114619 1.11022e-15 103.652
244000 120158 -3.88578e-16 106.164
244500 129869 -9.4369e-16 103.232
245000 122933 1.11022e-15 104.734
245500 105874 2.23432e-15 105.988
246000 123322 -1.76248e-15 105.634
246500 129911 -4.44089e-16 108.239
247000 123644 2.22045e-16 101.996
247500 108490 4.44089e-16 99.5831
248000 125827 -2.77556e-16 112.031
248500 130128 3.33067e-16 109.579
249000 124277 -2.19269e-15 118.456
249500 118722 -1.94289e-15 103.029
250000 126429 2.77556e-17 111.781
250500 140941 -5.55112e-16 112.41
251000 121559 -1.9984e-15 118.412
251500 121288 -6.66134e-16 102.385
252000 127352 -1.63758e-15 107.859
252500 132056 -2.10942e-15 106.684
253000 114896 1.11022e-16 102.947
253500 117812 4.996e-16 108.324
254000 139529 -2.08167e-15 104.093
254500 128157 1.11022e-16 112.275
255000 119596 -8.18789e-16 105.115
255500 126053 1.66533e-15 109.371
256000 147251 -1.44329e-15 109.553
256500 129970 1.11022e-16 105.584
257000 126948 -3.60822e-16 103.015
257500 131197 -8.32667e-16 102.867
258000 142012 1.11022e-15 101.35
258500 124050 1.9984e-15 102.578
259000 121387 1.11022e-15 107.953
259500 132540 8.88178e-16 108.016
260000 134475 -3.33067e-16 110.944
