# Time-averaged data for fix logger
# TimeStep v_P c_Fobs c_Fsum v_V
20000 0.0601892 0.6912 108098 12135.2
20200 0.0332688 0.6912 106713 12138.1
20400 0.0487029 0.6912 108088 12144.5
20600 0.0106204 0.6912 107855 12152.4
20800 -0.00408765 0.6912 104492 12160.2
21000 0.132025 0.6912 110546 12168.6
21200 0.0803241 0.6912 107893 12183.6
21400 0.0183867 0.6912 107343 12203.8
21600 0.0567808 0.6912 107362 12223.4
21800 0.0710793 0.6912 108275 12244
22000 0.071455 0.6912 108635 12266.2
22200 0.0217313 0.6912 105369 12287.6
22400 0.0693599 0.6912 106778 12306.7
22600 0.0723714 0.6912 108388 12324.7
22800 0.0541576 0.6912 107346 12340
23000 0.0356593 0.6912 105763 12348.9
23200 0.0467461 0.6912 107011 12351.8
23400 0.0477394 0.6912 106761 12350.7
23600 0.0897185 0.6912 109072 12347.4
23800 0.100893 0.6912 108382 12341.4
24000 0.0127354 0.6912 104290 12331.3
24200 0.043499 0.6912 107086 12316.3
24400 0.0473287 0.6912 106677 12295.5
24600 0.0229204 0.6912 104842 12268.6
24800 0.00191346 0.6912 105367 12234.8
25000 0.0467594 0.6912 107383 12194.3
25200 0.0305491 0.6912 106015 12148.9
25400 0.0849348 0.6912 109469 12101.4
25600 0.0771899 0.6912 109888 12056.6
25800 0.138822 0.6912 111587 12014.4
26000 0.0826091 0.6912 110337 11977
26200 0.108216 0.6912 111493 11940.3
26400 0.0474927 0.6912 109518 11903.2
26600 0.0814138 0.6912 109989 11863.8
26800 0.0846668 0.6912 113269 11822.9
27000 0.0641254 0.6912 110872 11780.5
27200 0.0588807 0.6912 112763 11733.4
27400 0.0984666 0.6912 112291 11681.3
27600 0.103953 0.6912 112990 11629.8
27800 0.0901952 0.6912 113549 11581.1
28000 0.0683279 0.6912 111887 11534.3
28200 0.0724371 0.6912 111843 11486.3
28400 0.0631011 0.6912 113179 11437.3
28600 0.150645 0.6912 116884 11390
28800 0.0943956 0.6912 112511 11348
29000 0.0922968 0.6912 112804 11309.5
29200 0.0909413 0.6912 113382 11270.5
29400 0.14382 0.6912 117395 11229.6
29600 0.135429 0.6912 116278 11188.6
29800 0.160653 0.6912 118419 11149.2
30000 0.166423 0.6912 117885 11111
30200 0.207493 0.6912 118598 11073.8
30400 0.180457 0.6912 117592 11039.1
30600 0.16375 0.6912 118158 11006.6
30800 0.195068 0.6912 119625 10975.4
31000 0.141883 0.6912 115989 10943.7
31200 0.218264 0.6912 120699 10911.4
31400 0.199487 0.6912 119677 10879.5
31600 0.235922 0.6912 121611 10848.8
31800 0.202146 0.6912 119671 10819.3
32000 0.190509 0.6912 121152 10789.2
32200 0.229057 0.6912 123470 10756.6
32400 0.212371 0.6912 121052 10723
32600 0.293929 0.6912 124750 10690.1
32800 0.295656 0.6912 125036 10660.6
33000 0.258814 0.6912 123380 10632.9
33200 0.23867 0.6912 123345 10606.4
33400 0.284505 0.6912 125147 10578.7
33600 0.312946 0.6912 127027 10550.5
33800 0.29656 0.6912 126108 10523.1
34000 0.281618 0.6912 124488 10497.5
34200 0.352865 0.6912 127026 10474.7
34400 0.270515 0.6912 127634 10454.3
34600 0.281047 0.6912 125084 10430.6
34800 0.360297 0.6912 127016 10405.5
35000 0.357425 0.6912 127914 10382.9
35200 0.352629 0.6912 126984 10363
35400 0.279794 0.6912 127497 10344.7
35600 0.338941 0.6912 128889 10323.6
35800 0.422732 0.6912 132092 10301.3
36000 0.407379 0.6912 129956 10281.8
36200 0.376904 0.6912 128807 10265.9
36400 0.302394 0.6912 127494 10250.5
36600 0.348802 0.6912 127226 10231.5
36800 0.447311 0.6912 130873 10211.8
37000 0.406575 0.6912 131403 10194.7
37200 0.446611 0.6912 130207 10180.1
37400 0.39085 0.6912 132104 10168
37600 0.428778 0.6912 130530 10154.3
37800 0.444447 0.6912 131509 10140.2
38000 0.374368 0.6912 131497 10126.6
38200 0.449727 0.6912 132939 10111.4
38400 0.388929 0.6912 130381 10095.7
38600 0.427406 0.6912 131680 10078.4
38800 0.438794 0.6912 130945 10058.9
39000 0.505468 0.6912 133294 10039.4
39200 0.433714 0.6912 131129 10021.2
39400 0.445501 0.6912 132359 10005.2
39600 0.542946 0.6912 135502 9991.6
39800 0.471996 0.6912 134243 9979.83
40000 0.534954 0.6912 133888 9968.43
40200 0.617334 0.6912 137045 9960.93
40400 0.556455 0.6912 135919 9958.42
40600 0.52712 0.6912 134978 9958.82
40800 0.484896 0.6912 132153 9958.52
41000 0.441036 0.6912 133673 9955.09
41200 0.539484 0.6912 135189 9947.29
41400 0.573847 0.6912 136765 9939.15
41600 0.524236 0.6912 135186 9931.42
41800 0.5408 0.6912 136331 9924.67
42000 0.455767 0.6912 133605 9916.72
42200 0.523693 0.6912 135745 9905.43
42400 0.444961 0.6912 132103 9891.82
42600 0.524997 0.6912 135267 9876.16
42800 0.563139 0.6912 136400 9859.18
43000 0.528146 0.6912 136396 9843.24
43200 0.51257 0.6912 134942 9826.46
43400 0.555967 0.6912 135941 9808.45
43600 0.650589 0.6912 138694 9791.07
43800 0.633146 0.6912 138787 9776.11
44000 0.582863 0.6912 137728 9763.45
44200 0.574544 0.6912 135924 9751
44400 0.546177 0.6912 135381 9737.4
44600 0.637005 0.6912 138155 9724.18
44800 0.668172 0.6912 138620 9714.13
45000 0.667287 0.6912 140032 9708.63
45200 0.62239 0.6912 137724 9705.78
45400 0.630045 0.6912 139447 9701.58
45600 0.60759 0.6912 136720 9695.53
45800 0.680615 0.6912 140259 9690.06
46000 0.693291 0.6912 141070 9686.86
46200 0.707837 0.6912 140995 9685.63
46400 0.602112 0.6912 137368 9685.67
46600 0.64042 0.6912 138363 9683.15
46800 0.589424 0.6912 136494 9677.9
47000 0.673823 0.6912 140105 9670.72
47200 0.638335 0.6912 138442 9662.95
47400 0.718219 0.6912 140466 9653.15
47600 0.673715 0.6912 139349 9642.92
47800 0.685098 0.6912 138785 9633.04
48000 0.654405 0.6912 139135 9622.8
48200 0.669093 0.6912 140880 9610.22
48400 0.768603 0.6912 142086 9598.32
48600 0.760237 0.6912 141914 9591.06
48800 0.676865 0.6912 139921 9585.9
49000 0.717969 0.6912 140903 9579.75
49200 0.751336 0.6912 141282 9573.52
49400 0.745969 0.6912 140628 9567.6
49600 0.72489 0.6912 141382 9561.66
49800 0.682506 0.6912 141123 9555.21
50000 0.663718 0.6912 138868 9545.62
50200 0.727879 0.6912 141624 9532.43
50400 0.802646 0.6912 145120 9518.2
50600 0.813691 0.6912 143551 9505.77
50800 0.763016 0.6912 143129 9495.99
51000 0.873168 0.6912 145731 9488.3
51200 0.76838 0.6912 143687 9483.48
51400 0.753558 0.6912 140809 9478.12
51600 0.756224 0.6912 141056 9471.8
51800 0.825836 0.6912 144303 9465.31
52000 0.787769 0.6912 141868 9458.9
52200 0.757761 0.6912 143009 9453.54
52400 0.865631 0.6912 145295 9449.16
52600 0.789817 0.6912 143059 9446.91
52800 0.797969 0.6912 142224 9444.31
53000 0.796792 0.6912 144804 9440.44
53200 0.831473 0.6912 143050 9434.24
53400 0.836041 0.6912 145182 9428.56
53600 0.836681 0.6912 144148 9422.87
53800 0.790632 0.6912 143275 9417.88
54000 0.846685 0.6912 146161 9412.25
54200 0.799107 0.6912 143779 9404.01
54400 0.87521 0.6912 146298 9393.45
54600 0.952202 0.6912 147761 9383.45
54800 0.856895 0.6912 143500 9375.36
55000 0.812888 0.6912 145058 9366.8
55200 0.881907 0.6912 147270 9357
55400 0.893036 0.6912 145760 9347.47
55600 0.905326 0.6912 149600 9338.11
55800 1.03532 0.6912 150180 9329.14
56000 0.906577 0.6912 145765 9324.14
56200 0.824309 0.6912 144120 9319.36
56400 0.87653 0.6912 146448 9312.45
56600 0.910075 0.6912 146195 9304.63
56800 0.87155 0.6912 146338 9298.53
57000 0.959386 0.6912 147452 9294.06
57200 0.978071 0.6912 148944 9290.79
57400 0.89896 0.6912 147240 9288.21
57600 0.871619 0.6912 145992 9283.65
57800 0.934014 0.6912 148877 9276.19
58000 0.921789 0.6912 147625 9267.6
58200 1.13227 0.6912 153308 9258.69
58400 0.970496 0.6912 148543 9254.97
58600 0.927498 0.6912 147651 9253.73
58800 0.904588 0.6912 146062 9250.91
59000 0.938698 0.6912 146497 9247.05
59200 1.0008 0.6912 147162 9242.88
59400 1.04288 0.6912 151539 9239.56
59600 1.02309 0.6912 148855 9237.26
59800 1.01104 0.6912 146675 9236.2
60000 0.90991 0.6912 148404 9237.04
60200 0.859734 0.6912 144876 9234.26
60400 0.944884 0.6912 147529 9226.52
60600 1.04714 0.6912 149935 9215.96
60800 1.04904 0.6912 148026 9206.96
61000 1.11921 0.6912 152404 9201.18
61200 1.05612 0.6912 150995 9198.39
61400 0.972373 0.6912 148193 9195.2
61600 0.927708 0.6912 148037 9189.81
61800 0.995055 0.6912 149020 9182.11
62000 1.04492 0.6912 149156 9174.46
62200 1.09779 0.6912 151015 9169.34
62400 1.02133 0.6912 150775 9167.01
62600 1.05442 0.6912 149707 9164.98
62800 1.04707 0.6912 149882 9162.22
63000 1.03174 0.6912 149257 9158.33
63200 1.14661 0.6912 154190 9152.59
63400 1.02638 0.6912 147844 9147.16
63600 1.04862 0.6912 150669 9141.5
63800 1.03903 0.6912 150231 9133.17
64000 1.04609 0.6912 150012 9121.35
64200 1.04852 0.6912 148681 9108.1
64400 1.19974 0.6912 154506 9095.15
64600 1.13879 0.6912 152522 9084.79
64800 1.07749 0.6912 148549 9076.66
65000 1.14575 0.6912 151997 9068.66
65200 1.15525 0.6912 150721 9060.54
65400 1.22561 0.6912 155078 9055.05
65600 1.15591 0.6912 151930 9052.24
65800 1.22106 0.6912 154643 9051.55
66000 1.15378 0.6912 153703 9054.22
66200 1.05999 0.6912 147884 9056.2
66400 1.17316 0.6912 151336 9056.86
66600 1.12423 0.6912 152579 9058.18
66800 1.17759 0.6912 153525 9058.74
67000 1.1516 0.6912 152260 9059.2
67200 1.18121 0.6912 155571 9058.95
67400 1.05003 0.6912 151250 9056.13
67600 1.06245 0.6912 148983 9046.91
67800 1.1707 0.6912 151138 9031.46
68000 1.23249 0.6912 153845 9013.89
68200 1.22034 0.6912 152926 8996.74
68400 1.27487 0.6912 155583 8982.22
68600 1.26553 0.6912 151964 8971.06
68800 1.23858 0.6912 155150 8962.52
69000 1.27451 0.6912 155876 8955.06
69200 1.33576 0.6912 158032 8949.56
69400 1.3527 0.6912 159970 8947.93
69600 1.29009 0.6912 158267 8950.41
69800 1.27627 0.6912 155775 8956.2
70000 1.17083 0.6912 152911 8964.5
70200 1.22655 0.6912 153832 8971.87
70400 1.24442 0.6912 152949 8977.68
70600 1.23389 0.6912 153071 8981.7
70800 1.22117 0.6912 152922 8985.04
71000 1.2035 0.6912 152517 8986.65
71200 1.18256 0.6912 152816 8985.72
71400 1.1787 0.6912 152528 8980.92
71600 1.22077 0.6912 155143 8971.82
71800 1.166 0.6912 151165 8958.6
72000 1.31314 0.6912 155572 8942.11
72200 1.2953 0.6912 157595 8925.76
72400 1.37107 0.6912 157051 8910.93
72600 1.33609 0.6912 154904 8899.5
72800 1.34525 0.6912 155471 8891.94
73000 1.39084 0.6912 158794 8885.97
73200 1.37555 0.6912 158527 8881.46
73400 1.42283 0.6912 160285 8878.85
73600 1.38101 0.6912 155678 8879.96
73800 1.4296 0.6912 160024 8884.81
74000 1.34074 0.6912 158615 8891.25
74200 1.23982 0.6912 154614 8895.36
74400 1.33059 0.6912 156252 8895.69
74600 1.35149 0.6912 157052 8893.87
74800 1.40089 0.6912 160187 8891.82
75000 1.39529 0.6912 157614 8889.43
75200 1.33271 0.6912 157377 8887.29
75400 1.36547 0.6912 158106 8882.86
75600 1.37893 0.6912 158566 8875.87
75800 1.33984 0.6912 156424 8867.18
76000 1.45509 0.6912 160485 8857.11
76200 1.43464 0.6912 158689 8848.63
76400 1.3864 0.6912 155376 8842.89
76600 1.40669 0.6912 158405 8838.8
76800 1.39048 0.6912 158283 8834.49
77000 1.42236 0.6912 158355 8828.56
77200 1.37102 0.6912 156559 8821.09
77400 1.44961 0.6912 159329 8811.4
77600 1.51869 0.6912 161819 8802.1
77800 1.44992 0.6912 159876 8795.12
78000 1.43186 0.6912 156732 8789.3
78200 1.5091 0.6912 160480 8784.08
78400 1.54651 0.6912 160853 8779.83
78600 1.50323 0.6912 159719 8778.34
78800 1.59308 0.6912 160942 8780.83
79000 1.459 0.6912 158682 8787.48
79200 1.4107 0.6912 159040 8792.93
79400 1.44779 0.6912 159283 8793.74
79600 1.44017 0.6912 156976 8792.16
79800 1.50232 0.6912 160265 8789.49
80000 1.49792 0.6912 160045 8787.59
80200 1.46723 0.6912 158869 8785.66
80400 1.46877 0.6912 160558 8781.29
80600 1.41427 0.6912 156615 8772.98
80800 1.47272 0.6912 158679 8761.41
81000 1.5494 0.6912 161370 8748.86
81200 1.62352 0.6912 162857 8737.73
81400 1.5456 0.6912 161888 8730.31
81600 1.50318 0.6912 158540 8724.65
81800 1.50124 0.6912 159161 8720.21
82000 1.52997 0.6912 159786 8716.45
82200 1.62117 0.6912 163148 8712.8
82400 1.60825 0.6912 159812 8711.32
82600 1.65776 0.6912 164788 8713.84
82800 1.50887 0.6912 160304 8719.39
83000 1.51463 0.6912 159770 8724.11
83200 1.45371 0.6912 156591 8725.91
83400 1.48663 0.6912 160572 8723.2
83600 1.56251 0.6912 161656 8717.37
83800 1.71619 0.6912 166174 8710.7
84000 1.66187 0.6912 163655 8705.57
84200 1.6473 0.6912 164376 8701.96
84400 1.57699 0.6912 161729 8698.87
84600 1.51738 0.6912 160398 8694.81
84800 1.56319 0.6912 161298 8688.74
85000 1.62197 0.6912 163738 8680.59
85200 1.60068 0.6912 162299 8669.46
85400 1.58054 0.6912 162248 8656.11
85600 1.72539 0.6912 164874 8642.01
85800 1.78727 0.6912 166022 8631.69
86000 1.71856 0.6912 165109 8628.8
86200 1.71932 0.6912 164864 8630.91
86400 1.71585 0.6912 162674 8635.08
86600 1.58833 0.6912 161601 8640.48
86800 1.61222 0.6912 162659 8644.06
87000 1.71498 0.6912 163857 8646.83
87200 1.719 0.6912 164439 8651.73
87400 1.71585 0.6912 164364 8658.39
87600 1.68378 0.6912 163889 8667
87800 1.69795 0.6912 164657 8675.97
88000 1.56605 0.6912 162926 8682.09
88200 1.49807 0.6912 158839 8680.94
88400 1.67617 0.6912 163643 8673.01
88600 1.72305 0.6912 163498 8661.89
88800 1.70476 0.6912 164875 8651.03
89000 1.71388 0.6912 163527 8640.12
89200 1.71692 0.6912 163662 8628.67
89400 1.74399 0.6912 164452 8616.71
89600 1.73727 0.6912 164925 8605.18
89800 1.80125 0.6912 166483 8594.59
90000 1.76537 0.6912 164198 8586.58
90200 1.78882 0.6912 165977 8580.99
90400 1.72551 0.6912 164266 8577.27
90600 1.73689 0.6912 167607 8573.47
90800 1.77372 0.6912 165742 8568.3
91000 1.86628 0.6912 166127 8564.35
91200 1.82621 0.6912 166599 8562.95
91400 1.80482 0.6912 166386 8561.77
91600 1.87585 0.6912 167364 8559.27
91800 1.84283 0.6912 167710 8557.48
92000 1.86961 0.6912 168959 8556.82
92200 1.84007 0.6912 164292 8558.13
92400 1.73767 0.6912 164357 8561.96
92600 1.70272 0.6912 163975 8565.11
92800 1.7715 0.6912 165657 8564.61
93000 1.79545 0.6912 164669 8560.74
93200 1.88653 0.6912 167117 8555.48
93400 1.90591 0.6912 168636 8551.04
93600 1.83667 0.6912 166193 8546.88
93800 1.78357 0.6912 165083 8541.48
94000 1.85229 0.6912 167710 8534.93
94200 1.77368 0.6912 165590 8527.83
94400 1.87308 0.6912 167817 8519.79
94600 1.98331 0.6912 170779 8513.36
94800 1.8159 0.6912 165591 8510.91
95000 1.90119 0.6912 167594 8510.85
95200 1.94231 0.6912 166483 8511.43
95400 1.93011 0.6912 167087 8512.1
95600 2.00071 0.6912 170110 8512.68
95800 1.93947 0.6912 168395 8514.78
96000 1.89534 0.6912 166859 8518.24
96200 1.9071 0.6912 167751 8521.85
96400 1.8576 0.6912 167006 8524.34
96600 1.89345 0.6912 168747 8524.01
96800 1.95799 0.6912 168743 8522.01
97000 1.89464 0.6912 166928 8519.64
97200 1.99706 0.6912 170274 8515.87
97400 1.91785 0.6912 171486 8512.14
97600 1.88557 0.6912 167388 8506.97
97800 1.93016 0.6912 167779 8499.24
98000 1.84923 0.6912 165512 8490.13
98200 1.96866 0.6912 170314 8480.23
98400 2.01499 0.6912 171181 8470.63
98600 1.91718 0.6912 166478 8463.02
98800 2.00922 0.6912 169212 8456.31
99000 1.99625 0.6912 167474 8450.52
99200 2.01919 0.6912 170447 8445.73
99400 2.07802 0.6912 170699 8442.11
99600 2.00174 0.6912 169310 8441.99
99800 2.07847 0.6912 170831 8444.68
100000 2.0009 0.6912 169835 8450.76
100200 1.92349 0.6912 168490 8458.13
100400 1.90013 0.6912 167392 8463.17
100600 1.93861 0.6912 168088 8464.13
100800 2.01508 0.6912 167786 8462.56
101000 2.06595 0.6912 171245 8461.22
101200 1.99385 0.6912 169708 8461.2
101400 1.93406 0.6912 167388 8460
101600 1.96392 0.6912 168206 8457
101800 1.99552 0.6912 167921 8451.23
102000 2.00477 0.6912 169720 8442.97
102200 2.02185 0.6912 169617 8433.26
102400 2.00396 0.6912 168860 8422.94
102600 2.03875 0.6912 170247 8411.85
102800 1.99586 0.6912 168376 8399.34
103000 2.13428 0.6912 172237 8385.19
103200 2.16797 0.6912 170846 8373.78
103400 2.25848 0.6912 175560 8369.36
103600 2.25027 0.6912 173206 8372.85
103800 2.16742 0.6912 173167 8384.41
104000 2.10829 0.6912 170525 8399.21
104200 2.05063 0.6912 169355 8414.3
104400 2.08779 0.6912 173925 8426.67
104600 2.04198 0.6912 169700 8435.01
104800 2.08941 0.6912 172017 8440.27
105000 2.07092 0.6912 171689 8442.64
105200 2.0806 0.6912 170268 8441.76
105400 2.02904 0.6912 169397 8436.96
105600 1.94045 0.6912 168430 8426.72
105800 2.13994 0.6912 172315 8410.82
106000 2.20012 0.6912 174390 8394.32
106200 2.24206 0.6912 175862 8380.44
106400 2.16927 0.6912 170762 8369.91
106600 2.23481 0.6912 175000 8361.41
106800 2.14541 0.6912 171345 8354.35
107000 2.20619 0.6912 173643 8346.91
107200 2.16691 0.6912 171774 8340.16
107400 2.2197 0.6912 173425 8333.91
107600 2.32035 0.6912 176507 8328.98
107800 2.33417 0.6912 175452 8328.46
108000 2.2805 0.6912 172687 8333.77
108200 2.18646 0.6912 171423 8343.53
108400 2.18139 0.6912 172627 8353.74
108600 2.11889 0.6912 171138 8360.5
108800 2.13319 0.6912 171290 8362.83
109000 2.20562 0.6912 173712 8361.15
109200 2.21706 0.6912 174319 8355.98
109400 2.21318 0.6912 173431 8348.88
109600 2.11079 0.6912 171117 8341.52
109800 2.23573 0.6912 175089 8333.48
110000 2.29205 0.6912 174460 8325.19
110200 2.23659 0.6912 171957 8317.09
110400 2.20866 0.6912 171159 8307.81
110600 2.3039 0.6912 174959 8299.41
110800 2.45344 0.6912 177741 8295.76
111000 2.37944 0.6912 176405 8299.57
111200 2.29558 0.6912 173317 8307.32
111400 2.27934 0.6912 173678 8314.9
111600 2.25173 0.6912 173737 8321.31
111800 2.26787 0.6912 174093 8326.19
112000 2.2888 0.6912 176321 8330.8
112200 2.30279 0.6912 175339 8335.17
112400 2.28969 0.6912 175999 8336.86
112600 2.17622 0.6912 172466 8334.6
112800 2.15559 0.6912 171954 8326.46
113000 2.32659 0.6912 175667 8312.37
113200 2.47004 0.6912 176306 8297.08
113400 2.41547 0.6912 176584 8287.59
113600 2.44661 0.6912 179047 8282.56
113800 2.41927 0.6912 178290 8281.09
114000 2.38602 0.6912 176318 8281.77
114200 2.41498 0.6912 176613 8282.62
114400 2.21928 0.6912 170825 8283.35
114600 2.36044 0.6912 174302 8282.67
114800 2.46556 0.6912 176759 8281.83
115000 2.41687 0.6912 178298 8283.33
115200 2.38851 0.6912 175787 8286.13
115400 2.32808 0.6912 175924 8287.09
115600 2.36941 0.6912 177222 8283.27
115800 2.39558 0.6912 173689 8275.67
116000 2.46723 0.6912 178157 8267.92
116200 2.51676 0.6912 178863 8261.64
116400 2.39217 0.6912 175937 8257.41
116600 2.36307 0.6912 175325 8252.6
116800 2.34391 0.6912 173894 8247.11
117000 2.49396 0.6912 176779 8241.26
117200 2.52773 0.6912 177272 8237.72
117400 2.53563 0.6912 179031 8238.4
117600 2.51641 0.6912 175375 8243.76
117800 2.39068 0.6912 176037 8252.22
118000 2.27444 0.6912 174275 8258.87
118200 2.30658 0.6912 172103 8259.26
118400 2.46726 0.6912 176292 8255.04
118600 2.55869 0.6912 178646 8250.08
118800 2.52366 0.6912 179567 8246.57
119000 2.36257 0.6912 174474 8244.7
119200 2.5061 0.6912 176183 8241.07
119400 2.37483 0.6912 173974 8237.47
119600 2.46003 0.6912 175379 8232.55
119800 2.428 0.6912 175782 8226.88
120000 2.41651 0.6912 177811 8218.49
120200 2.5033 0.6912 176350 8206.67
120400 2.55991 0.6912 177038 8193.98
120600 2.56733 0.6912 177654 8183.5
120800 2.64927 0.6912 177793 8177.93
121000 2.59567 0.6912 179606 8179.1
121200 2.57828 0.6912 179065 8184.52
121400 2.54198 0.6912 178874 8191.7
121600 2.4689 0.6912 176389 8198.51
121800 2.47526 0.6912 174665 8204.09
122000 2.57779 0.6912 178183 8208.28
122200 2.53449 0.6912 176321 8213.3
122400 2.46186 0.6912 174600 8218.93
122600 2.49017 0.6912 177388 8223.14
122800 2.47904 0.6912 174381 8224.32
123000 2.53262 0.6912 177770 8221.99
123200 2.53405 0.6912 178945 8216.25
123400 2.55613 0.6912 178491 8206.95
123600 2.57661 0.6912 178173 8195.66
123800 2.68845 0.6912 181545 8184.46
124000 2.57639 0.6912 177193 8175.16
124200 2.62597 0.6912 180695 8165.82
124400 2.69936 0.6912 181700 8156.67
124600 2.69506 0.6912 180739 8149.67
124800 2.76003 0.6912 181580 8146.31
125000 2.72176 0.6912 180188 8147.35
125200 2.78811 0.6912 182268 8152.24
125400 2.61652 0.6912 179977 8161.28
125600 2.51458 0.6912 177583 8169.69
125800 2.53415 0.6912 177130 8173.37
126000 2.54551 0.6912 177829 8172.29
126200 2.76976 0.6912 183616 8168.51
126400 2.59957 0.6912 176561 8166.23
126600 2.67064 0.6912 178685 8165.56
126800 2.54213 0.6912 177019 8165.03
127000 2.60331 0.6912 179028 8162.28
127200 2.71105 0.6912 180124 8158.14
127400 2.76534 0.6912 184353 8153.15
127600 2.60121 0.6912 180048 8147.85
127800 2.58502 0.6912 178259 8140.78
128000 2.71052 0.6912 179862 8130.61
128200 2.76461 0.6912 180292 8120.2
128400 2.86499 0.6912 183698 8112.56
128600 2.81523 0.6912 181271 8109.58
128800 2.79997 0.6912 182228 8110.49
129000 2.70278 0.6912 179578 8113.57
129200 2.69885 0.6912 177919 8116.78
129400 2.8119 0.6912 180641 8118.92
129600 2.77958 0.6912 183855 8122.58
129800 2.73316 0.6912 179607 8127.88
130000 2.63483 0.6912 178161 8133.3
130200 2.5234 0.6912 176040 8135.27
130400 2.65065 0.6912 179989 8130.84
130600 2.78054 0.6912 182632 8121.88
130800 2.73055 0.6912 179948 8111.79
131000 2.86715 0.6912 184705 8104.02
131200 2.86727 0.6912 184889 8099.99
131400 2.7793 0.6912 181389 8099.58
131600 2.77163 0.6912 180880 8101.57
131800 2.75807 0.6912 182572 8104.82
132000 2.68824 0.6912 179635 8105.79
132200 2.66421 0.6912 177632 8102.37
132400 2.716 0.6912 179663 8093.86
132600 2.79637 0.6912 180956 8081.32
132800 2.87869 0.6912 184104 8069.27
133000 2.99841 0.6912 185116 8061.02
133200 2.90863 0.6912 183579 8059.73
133400 2.89787 0.6912 184942 8063.19
133600 2.76759 0.6912 179330 8068.18
133800 2.78157 0.6912 181708 8072.28
134000 2.82969 0.6912 182137 8074.82
134200 2.93251 0.6912 182312 8077.3
134400 2.8193 0.6912 182347 8080.79
134600 2.80598 0.6912 180766 8083.12
134800 2.81573 0.6912 181956 8083.79
135000 2.77094 0.6912 181951 8082.22
135200 2.83407 0.6912 182153 8077.34
135400 2.93585 0.6912 184534 8070.59
135600 2.94541 0.6912 189315 8064.96
135800 2.9415 0.6912 184484 8061.1
136000 2.93445 0.6912 183112 8059.47
136200 2.86913 0.6912 181064 8058.36
136400 2.86571 0.6912 183586 8056.4
136600 2.94722 0.6912 183327 8053
136800 2.97524 0.6912 184389 8049.81
137000 3.02079 0.6912 185608 8048.52
137200 3.0391 0.6912 185435 8050.68
137400 2.90669 0.6912 183113 8056.07
137600 2.88408 0.6912 184249 8060.51
137800 2.83878 0.6912 181708 8061.04
138000 2.76392 0.6912 179351 8057.4
138200 2.96408 0.6912 185515 8050.52
138400 2.97338 0.6912 183450 8043.47
138600 2.95026 0.6912 183151 8036.83
138800 3.01105 0.6912 185658 8031.15
139000 3.00369 0.6912 183072 8027.16
139200 2.96846 0.6912 184305 8024.55
139400 2.97451 0.6912 183982 8022.75
139600 3.04803 0.6912 188433 8021.71
139800 2.99166 0.6912 184372 8020.68
140000 2.9738 0.6912 184310 8019.52
140200 2.97463 0.6912 184156 8017.6
140400 3.04508 0.6912 184996 8014.96
140600 3.05654 0.6912 185974 8014.1
140800 3.0662 0.6912 186608 8015.53
141000 3.10408 0.6912 186543 8018.76
141200 2.9479 0.6912 183189 8021.64
141400 2.9286 0.6912 183475 8021.63
141600 3.05045 0.6912 184447 8018.09
141800 3.02607 0.6912 185221 8013.39
142000 3.04814 0.6912 185116 8009.33
142200 3.08656 0.6912 186298 8006.4
142400 3.02795 0.6912 183744 8004.85
142600 3.03671 0.6912 185235 8002.63
142800 3.03342 0.6912 184988 7999.3
143000 3.09343 0.6912 187275 7995.3
143200 3.0988 0.6912 187548 7990.05
143400 3.13482 0.6912 184906 7984.05
143600 3.09021 0.6912 186512 7978.54
143800 3.11848 0.6912 185800 7971.94
144000 3.26253 0.6912 190142 7964.87
144200 3.14377 0.6912 186363 7960.14
144400 3.25207 0.6912 189162 7959.03
144600 3.18217 0.6912 187768 7962.57
144800 3.07991 0.6912 184461 7967.95
145000 3.03531 0.6912 184287 7971.81
145200 3.09593 0.6912 185268 7972.1
145400 3.15351 0.6912 190467 7969.21
145600 3.20649 0.6912 187894 7965.47
145800 3.2705 0.6912 190179 7964.68
146000 3.25602 0.6912 188898 7970.88
146200 3.06546 0.6912 185165 7982.47
146400 2.97014 0.6912 182229 7993.83
146600 2.96075 0.6912 182194 8001.31
146800 3.05707 0.6912 185424 8001.93
147000 3.13027 0.6912 188061 7996.29
147200 3.16617 0.6912 187191 7987.18
147400 3.17156 0.6912 188441 7977.56
147600 3.18002 0.6912 188162 7968.31
147800 3.19326 0.6912 186776 7958.65
148000 3.32018 0.6912 190617 7949.44
148200 3.21997 0.6912 187027 7942.31
148400 3.23564 0.6912 186512 7935.86
148600 3.22511 0.6912 186690 7930.12
148800 3.20421 0.6912 187095 7925.3
149000 3.21615 0.6912 186121 7919.78
149200 3.29937 0.6912 188539 7913.87
149400 3.29821 0.6912 188022 7909.89
149600 3.31752 0.6912 190974 7909.89
149800 3.32431 0.6912 190430 7914.94
150000 3.26091 0.6912 189478 7924.11
150200 3.15272 0.6912 186788 7933.4
150400 3.17914 0.6912 186092 7937.9
150600 3.23548 0.6912 188287 7936.51
150800 3.29207 0.6912 190472 7931.08
151000 3.26359 0.6912 187026 7924.94
151200 3.3607 0.6912 191252 7920.5
151400 3.32518 0.6912 187950 7918.29
151600 3.19197 0.6912 185394 7917.09
151800 3.18524 0.6912 185810 7914.7
152000 3.24519 0.6912 188368 7910.19
152200 3.2799 0.6912 188253 7904.94
152400 3.39583 0.6912 188934 7901.35
152600 3.49815 0.6912 193475 7902.53
152800 3.37577 0.6912 191970 7911.16
153000 3.2592 0.6912 187750 7922.23
153200 3.20559 0.6912 188249 7930.78
153400 3.21587 0.6912 185406 7934.77
153600 3.25561 0.6912 187473 7934.7
153800 3.32961 0.6912 189428 7932.35
154000 3.2518 0.6912 187712 7927.91
154200 3.25325 0.6912 189143 7920.7
154400 3.27064 0.6912 186260 7908.54
154600 3.37888 0.6912 190684 7892.3
154800 3.40453 0.6912 187732 7874.87
155000 3.54176 0.6912 192012 7859.91
155200 3.4996 0.6912 191642 7850.55
155400 3.44519 0.6912 187660 7846.57
155600 3.36577 0.6912 190154 7846.47
155800 3.36196 0.6912 188163 7845.79
156000 3.48254 0.6912 190243 7844.01
156200 3.50809 0.6912 189287 7844.21
156400 3.5153 0.6912 189840 7848.77
156600 3.55222 0.6912 192946 7858.9
156800 3.4669 0.6912 190418 7873.43
157000 3.40293 0.6912 189995 7889.21
157200 3.39011 0.6912 191485 7902.78
157400 3.31826 0.6912 188581 7913.37
157600 3.33685 0.6912 189963 7920
157800 3.22817 0.6912 186644 7921.19
158000 3.36447 0.6912 190448 7915.38
158200 3.31597 0.6912 187442 7903.59
158400 3.47289 0.6912 193470 7887.43
158600 3.45915 0.6912 190994 7870.43
158800 3.56489 0.6912 192111 7854.92
159000 3.57426 0.6912 191730 7844.77
159200 3.58407 0.6912 193042 7840.2
159400 3.52785 0.6912 190597 7838.74
159600 3.54526 0.6912 194097 7839.1
159800 3.5334 0.6912 189909 7840.89
160000 3.58016 0.6912 192760 7845.28
160200 3.60899 0.6912 194982 7852.49
160400 3.56959 0.6912 193131 7863.16
160600 3.46482 0.6912 191124 7874.86
160800 3.38355 0.6912 190051 7883.17
161000 3.24819 0.6912 185139 7884.3
161200 3.38372 0.6912 189319 7877.43
161400 3.55727 0.6912 195076 7865.2
161600 3.65684 0.6912 195184 7852.49
161800 3.51125 0.6912 190290 7842.72
162000 3.59435 0.6912 194309 7835.13
162200 3.59512 0.6912 193837 7829.61
162400 3.55378 0.6912 192437 7825.83
162600 3.5773 0.6912 191847 7822.49
162800 3.61399 0.6912 194244 7819.52
163000 3.60224 0.6912 191432 7817.12
163200 3.6458 0.6912 192043 7817.31
163400 3.65876 0.6912 194139 7821.58
163600 3.52164 0.6912 189380 7828.38
163800 3.50066 0.6912 189893 7835.48
164000 3.47588 0.6912 188975 7839.51
164200 3.53461 0.6912 190001 7839.31
164400 3.58157 0.6912 193919 7836.28
164600 3.64069 0.6912 190431 7831.11
164800 3.64053 0.6912 192186 7826.77
165000 3.51797 0.6912 190332 7821.89
165200 3.45063 0.6912 188660 7813.56
165400 3.63155 0.6912 191725 7801.71
165600 3.77752 0.6912 195175 7790.46
165800 3.79144 0.6912 197544 7783.96
166000 3.82972 0.6912 195695 7783.43
166200 3.73606 0.6912 195316 7789.8
166400 3.62056 0.6912 191442 7797.73
166600 3.56029 0.6912 192028 7803.83
166800 3.62648 0.6912 194019 7806.14
167000 3.61542 0.6912 191863 7806.35
167200 3.69707 0.6912 192137 7805.89
167400 3.74236 0.6912 194237 7806.12
167600 3.62356 0.6912 192181 7806.54
167800 3.67885 0.6912 192817 7805.55
168000 3.65761 0.6912 191143 7803.63
168200 3.64358 0.6912 192801 7798.73
168400 3.68629 0.6912 191789 7789.29
168600 3.70694 0.6912 193388 7779.52
168800 3.87957 0.6912 197401 7772.45
169000 3.85269 0.6912 196785 7771.04
169200 3.78763 0.6912 195370 7775
169400 3.78579 0.6912 195721 7781.44
169600 3.75277 0.6912 193233 7787.54
169800 3.73831 0.6912 193652 7792.3
170000 3.78335 0.6912 196590 7797.93
170200 3.66611 0.6912 193796 7805.09
170400 3.63176 0.6912 193626 7809.35
170600 3.63214 0.6912 193973 7808.29
170800 3.59457 0.6912 190653 7801.85
171000 3.74178 0.6912 197225 7791.21
171200 3.84386 0.6912 195362 7779.16
171400 3.82616 0.6912 194891 7770.09
171600 3.84235 0.6912 195326 7764.44
171800 3.74874 0.6912 193364 7761.18
172000 3.85742 0.6912 194550 7757.71
172200 3.87154 0.6912 194295 7755.34
172400 3.88739 0.6912 196332 7755.01
172600 3.85182 0.6912 195673 7757.96
172800 3.86328 0.6912 195588 7763.61
173000 3.63978 0.6912 193120 7769.3
173200 3.67535 0.6912 191710 7769.4
173400 3.72787 0.6912 194366 7764.14
173600 3.89691 0.6912 197691 7755.96
173800 3.89092 0.6912 195492 7748.92
174000 3.99265 0.6912 198085 7744.16
174200 3.92075 0.6912 197717 7742.56
174400 3.88901 0.6912 195938 7742.83
174600 3.83563 0.6912 192596 7744.37
174800 3.83823 0.6912 197102 7746.41
175000 3.88384 0.6912 198210 7747.15
175200 3.85652 0.6912 194634 7747.35
175400 3.90054 0.6912 197402 7746.15
175600 3.87824 0.6912 196277 7744.11
175800 3.93949 0.6912 197056 7741.9
176000 3.9321 0.6912 199183 7740.95
176200 3.914 0.6912 196057 7741.05
176400 3.88799 0.6912 197252 7741.86
176600 3.83655 0.6912 194493 7740.83
176800 3.84906 0.6912 194332 7736.21
177000 3.85028 0.6912 194960 7729.97
177200 4.03016 0.6912 197308 7723.36
177400 3.95454 0.6912 195352 7718.96
177600 3.98335 0.6912 196535 7716.2
177800 3.90041 0.6912 194610 7714.57
178000 3.96861 0.6912 197364 7713.9
178200 3.95479 0.6912 195407 7714.4
178400 4.01253 0.6912 198896 7715.57
178600 4.09098 0.6912 199270 7717.91
178800 4.08967 0.6912 200406 7722.58
179000 4.01079 0.6912 196855 7729.43
179200 3.91074 0.6912 196633 7738.46
179400 3.87476 0.6912 195585 7745.53
179600 3.84015 0.6912 193748 7747.79
179800 3.96091 0.6912 196983 7745.1
180000 3.91626 0.6912 196794 7738.13
180200 4.04108 0.6912 199160 7727.97
180400 3.91563 0.6912 193883 7717.69
180600 4.01061 0.6912 199680 7706.66
180800 4.11562 0.6912 200092 7694.85
181000 4.21321 0.6912 199064 7684.98
181200 4.23951 0.6912 199867 7680.76
181400 4.1507 0.6912 199611 7684.72
181600 4.12123 0.6912 201012 7695.61
181800 4.03427 0.6912 199804 7711.16
182000 3.90332 0.6912 196670 7725.2
182200 3.76469 0.6912 191821 7732.22
182400 3.8479 0.6912 195419 7729.63
182600 3.98849 0.6912 196367 7719.23
182800 4.1296 0.6912 199862 7705.49
183000 4.14587 0.6912 199363 7692.59
183200 4.04592 0.6912 195059 7681.82
183400 4.16036 0.6912 199719 7672.94
183600 4.17744 0.6912 200226 7667.96
183800 4.24978 0.6912 201667 7666.96
184000 4.12583 0.6912 199890 7669.89
184200 4.10035 0.6912 194867 7674.28
184400 4.07181 0.6912 197879 7678.52
184600 4.10607 0.6912 198697 7680.49
184800 4.1126 0.6912 198684 7681.18
185000 4.11829 0.6912 196972 7682.4
185200 4.13275 0.6912 197116 7684.78
185400 4.07976 0.6912 198113 7688.3
185600 4.11893 0.6912 198392 7690.88
185800 4.11841 0.6912 199266 7691.74
186000 4.09626 0.6912 198533 7689.55
186200 4.07763 0.6912 199211 7684.31
186400 4.04652 0.6912 197220 7675.7
186600 4.15609 0.6912 200461 7664.97
186800 4.23742 0.6912 199894 7654.36
187000 4.26651 0.6912 201305 7645.55
187200 4.41398 0.6912 204111 7642.23
187400 4.35405 0.6912 202960 7645.72
187600 4.24402 0.6912 200825 7653.29
187800 4.07025 0.6912 196870 7661.69
188000 4.05782 0.6912 196552 7665.95
188200 4.16111 0.6912 196647 7665.5
188400 4.1556 0.6912 199145 7663.31
188600 4.23419 0.6912 200791 7661.55
188800 4.27204 0.6912 199559 7661.05
189000 4.1174 0.6912 195505 7661.66
189200 4.17831 0.6912 199034 7661.31
189400 4.22073 0.6912 201395 7658.11
189600 4.20852 0.6912 200477 7651.25
189800 4.25198 0.6912 202013 7641.68
190000 4.36459 0.6912 201488 7633.44
190200 4.33192 0.6912 204470 7630.6
190400 4.28413 0.6912 200126 7630.74
190600 4.25108 0.6912 201308 7632.1
190800 4.29906 0.6912 200192 7632.89
191000 4.30722 0.6912 198083 7634.77
191200 4.31892 0.6912 201861 7638.99
191400 4.3278 0.6912 200307 7644.61
191600 4.23667 0.6912 199173 7651.26
191800 4.21106 0.6912 200135 7655.98
192000 4.10568 0.6912 197389 7657.01
192200 4.16461 0.6912 198216 7653.48
192400 4.30396 0.6912 199935 7647.38
192600 4.37266 0.6912 202911 7641.86
192800 4.35207 0.6912 201252 7638.88
193000 4.32785 0.6912 200893 7638.19
193200 4.25119 0.6912 201296 7636.96
193400 4.18706 0.6912 197786 7633.51
193600 4.29995 0.6912 200095 7626.84
193800 4.32909 0.6912 199384 7618.45
194000 4.39291 0.6912 201113 7610.99
194200 4.34003 0.6912 199537 7604.38
194400 4.47548 0.6912 204387 7598.08
194600 4.44387 0.6912 202191 7592.67
194800 4.48617 0.6912 203275 7590.54
195000 4.5038 0.6912 202083 7593.14
195200 4.40244 0.6912 200773 7601.39
195400 4.32942 0.6912 200830 7611.62
195600 4.30946 0.6912 201514 7618.74
195800 4.19674 0.6912 196185 7620.4
196000 4.35067 0.6912 202773 7617.19
196200 4.42952 0.6912 202254 7611.15
196400 4.4973 0.6912 204725 7605.01
196600 4.51645 0.6912 202992 7600.6
196800 4.38103 0.6912 198983 7599.04
197000 4.2929 0.6912 198570 7597.25
197200 4.39204 0.6912 199995 7593.09
197400 4.45369 0.6912 201928 7587.78
197600 4.44488 0.6912 201877 7582.9
197800 4.50917 0.6912 200786 7580.76
198000 4.57571 0.6912 204123 7582.25
198200 4.47517 0.6912 203027 7586.4
198400 4.49214 0.6912 201767 7591.14
198600 4.52039 0.6912 203207 7595.77
198800 4.49292 0.6912 203290 7600.32
199000 4.41147 0.6912 201807 7606.48
199200 4.47274 0.6912 205342 7611.92
199400 4.24914 0.6912 197491 7613.88
199600 4.41146 0.6912 202947 7609.13
199800 4.50139 0.6912 204591 7599.14
200000 4.56201 0.6912 205538 7587.62
200200 4.61755 0.6912 202899 7578.54
200400 4.61422 0.6912 203905 7574.24
200600 4.53731 0.6912 202895 7574.06
200800 4.41077 0.6912 200124 7574.91
201000 4.36127 0.6912 198997 7574.71
201200 4.59508 0.6912 205692 7572.65
201400 4.59909 0.6912 204867 7571.32
201600 4.60085 0.6912 203571 7572.28
201800 4.54881 0.6912 203851 7576.18
202000 4.6161 0.6912 204989 7581.73
202200 4.41769 0.6912 201484 7587.21
202400 4.44888 0.6912 200913 7587.8
202600 4.45202 0.6912 200414 7582.85
202800 4.59222 0.6912 206260 7574.15
203000 4.71031 0.6912 206448 7565.33
203200 4.63522 0.6912 205313 7560.11
203400 4.56815 0.6912 204412 7557.39
203600 4.59768 0.6912 205023 7554.1
203800 4.62821 0.6912 205478 7549.33
204000 4.73443 0.6912 204351 7545.1
204200 4.82618 0.6912 208322 7545.26
204400 4.69667 0.6912 205139 7550.47
204600 4.69343 0.6912 205948 7558.5
204800 4.46142 0.6912 201539 7566.78
205000 4.46429 0.6912 202061 7569.35
205200 4.62425 0.6912 205617 7565.88
205400 4.67692 0.6912 204285 7560.4
205600 4.69064 0.6912 206168 7556.01
205800 4.67424 0.6912 205080 7553.11
206000 4.64606 0.6912 204366 7550.82
206200 4.58226 0.6912 203296 7547.65
206400 4.63443 0.6912 205347 7542.84
206600 4.6343 0.6912 204905 7536.53
206800 4.75283 0.6912 207472 7529
207000 4.70684 0.6912 202434 7522.71
207200 4.77455 0.6912 205525 7519.81
207400 4.83478 0.6912 206913 7521.51
207600 4.75954 0.6912 203368 7527.96
207800 4.58493 0.6912 203078 7536.4
208000 4.60279 0.6912 202368 7541.71
208200 4.69668 0.6912 205344 7542.64
208400 4.70662 0.6912 206603 7540.61
208600 4.77981 0.6912 206378 7538.21
208800 4.74241 0.6912 205781 7537.53
209000 4.64089 0.6912 202485 7538.04
209200 4.64736 0.6912 203414 7538.15
209400 4.65168 0.6912 204238 7535.76
209600 4.70771 0.6912 202423 7529.99
209800 4.85416 0.6912 208159 7523.17
210000 4.90675 0.6912 208551 7518.29
210200 4.85394 0.6912 208247 7518.19
210400 4.75123 0.6912 205229 7522.25
210600 4.68866 0.6912 204005 7526.97
210800 4.70025 0.6912 204408 7529.39
211000 4.78038 0.6912 206888 7529.43
211200 4.81254 0.6912 206704 7530.72
211400 4.78047 0.6912 208240 7533.64
211600 4.70361 0.6912 204039 7535.34
211800 4.64395 0.6912 202837 7532.76
212000 4.66521 0.6912 202642 7524.7
212200 4.68897 0.6912 202037 7512.29
212400 4.91191 0.6912 209193 7498.72
212600 4.86735 0.6912 207207 7487.41
212800 4.93437 0.6912 206777 7479.55
213000 4.93048 0.6912 204808 7476.29
213200 5.00439 0.6912 210733 7479.41
213400 4.95041 0.6912 207819 7488.9
213600 4.79189 0.6912 205159 7502.19
213800 4.74074 0.6912 203986 7515.2
214000 4.70619 0.6912 205749 7524.47
214200 4.71405 0.6912 206840 7528.6
214400 4.77458 0.6912 205001 7527.2
214600 4.77222 0.6912 206045 7522.03
214800 4.77639 0.6912 203202 7513.84
215000 4.83931 0.6912 203753 7503.66
215200 4.90209 0.6912 207210 7491.6
215400 5.09191 0.6912 209316 7479.58
215600 5.06751 0.6912 208889 7472.68
215800 5.16238 0.6912 213135 7472.08
216000 4.95858 0.6912 207753 7477.87
216200 4.80757 0.6912 205157 7485.71
216400 4.83819 0.6912 205373 7490.82
216600 4.8478 0.6912 206877 7492.17
216800 4.89264 0.6912 207051 7490.51
217000 4.92954 0.6912 207255 7487.4
217200 4.95745 0.6912 207949 7484.94
217400 4.93556 0.6912 207959 7484.41
217600 4.88695 0.6912 205638 7484.88
217800 4.92358 0.6912 205640 7483.77
218000 4.93202 0.6912 207590 7480.74
218200 5.00316 0.6912 207550 7477.63
218400 4.98328 0.6912 208476 7476.43
218600 4.99091 0.6912 207774 7477.49
218800 5.07174 0.6912 210872 7480.24
219000 4.87666 0.6912 204796 7483.83
219200 4.887 0.6912 207342 7484.92
219400 4.84392 0.6912 203281 7482.04
219600 5.02675 0.6912 210020 7476.62
219800 5.0938 0.6912 209426 7472.03
220000 5.09345 0.6912 210586 7471.07
