# Time-averaged data for fix logger
# TimeStep c_Fsum c_Tglob
20000 300535 0.296551
20200 299254 0.301644
20400 304659 0.301169
20600 303541 0.302673
20800 305872 0.305159
21000 303622 0.303649
21200 305350 0.306371
21400 306127 0.307587
21600 305559 0.305734
21800 307588 0.308259
22000 308246 0.309496
22200 310608 0.309772
22400 309412 0.312768
22600 311166 0.311612
22800 310542 0.313782
23000 313809 0.314875
23200 312312 0.316035
23400 314219 0.313261
23600 313944 0.315858
23800 314753 0.318771
24000 316816 0.321011
24200 315129 0.322886
24400 314538 0.321392
24600 318981 0.322839
24800 318106 0.322892
25000 318179 0.326104
25200 319801 0.327856
25400 320512 0.32409
25600 321863 0.327591
25800 321396 0.328016
26000 324846 0.330774
26200 321214 0.332008
26400 323024 0.331759
26600 326326 0.333609
26800 326351 0.333869
27000 324176 0.332852
27200 326022 0.336053
27400 327884 0.337399
27600 329125 0.333995
27800 328477 0.339395
28000 329193 0.33975
28200 332955 0.343216
28400 328645 0.342659
28600 329719 0.342795
28800 332806 0.343428
29000 331363 0.345647
29200 334420 0.345829
29400 335688 0.346019
29600 337010 0.347266
29800 336344 0.34726
30000 339005 0.35075
30200 338034 0.349817
30400 338957 0.352971
30600 338366 0.353888
30800 340721 0.35449
31000 337074 0.353052
31200 337788 0.357005
31400 340846 0.359666
31600 342814 0.356857
31800 343423 0.358761
32000 340690 0.361142
32200 345365 0.358289
32400 346019 0.361567
32600 346258 0.361874
32800 347590 0.364755
33000 347094 0.361783
33200 349561 0.364144
33400 346568 0.369754
33600 347972 0.365409
33800 349841 0.366597
34000 350432 0.370736
34200 350274 0.372201
34400 348622 0.371214
34600 355511 0.370713
34800 353416 0.374013
35000 352639 0.373788
35200 354804 0.376414
35400 356592 0.377449
35600 353759 0.380182
35800 357456 0.379862
36000 356749 0.37582
36200 357573 0.379572
36400 357878 0.383432
36600 358004 0.384627
36800 361308 0.385374
37000 361693 0.384718
37200 359580 0.383193
37400 361153 0.387721
37600 362961 0.38615
37800 367033 0.389158
38000 364684 0.388771
38200 362562 0.388948
38400 366284 0.390727
38600 367705 0.391874
38800 368332 0.394456
39000 366240 0.390771
39200 369184 0.395234
39400 372751 0.394513
39600 371969 0.396294
39800 368215 0.398386
40000 372614 0.399289
40200 369701 0.400228
40400 372690 0.403273
40600 373749 0.402997
40800 372017 0.405193
41000 376744 0.406867
41200 374067 0.404462
41400 374019 0.402233
41600 376739 0.406868
41800 378895 0.408983
42000 378719 0.409358
42200 380389 0.412478
42400 378322 0.409199
42600 379222 0.412715
42800 383423 0.413753
43000 383673 0.41249
43200 379923 0.416736
43400 383443 0.417362
43600 384557 0.417927
43800 386020 0.421293
44000 383935 0.419052
44200 384110 0.422034
44400 386594 0.419868
44600 388576 0.422778
44800 387899 0.423102
45000 388689 0.426669
45200 389414 0.423201
45400 389956 0.426935
45600 388519 0.429558
45800 392064 0.426716
46000 390270 0.431453
46200 392867 0.429491
46400 394432 0.434548
46600 390443 0.434442
46800 397139 0.43479
47000 395190 0.435009
47200 393833 0.432353
47400 396607 0.43643
47600 400183 0.434933
47800 400734 0.440674
48000 397610 0.437208
48200 403091 0.437381
48400 400276 0.442209
48600 400015 0.445855
48800 404421 0.444072
49000 403781 0.440489
49200 400945 0.44779
49400 405975 0.443816
49600 405552 0.447123
49800 405964 0.445
50000 405859 0.452533
50200 404181 0.451459
50400 406332 0.455057
50600 406774 0.452144
50800 409617 0.450692
51000 408873 0.453456
51200 408902 0.45893
51400 415177 0.456524
51600 410853 0.45534
51800 411512 0.462354
52000 410870 0.46121
52200 414451 0.45853
52400 414951 0.459635
52600 417567 0.462346
52800 416717 0.462235
53000 418357 0.466061
53200 416288 0.463101
53400 415781 0.470392
53600 417434 0.46731
53800 420334 0.47188
54000 418007 0.470133
54200 420412 0.473313
54400 422649 0.473642
54600 416765 0.472345
54800 421555 0.472069
55000 423248 0.475184
55200 426021 0.477195
55400 428055 0.475796
55600 421343 0.477705
55800 423045 0.482887
56000 425912 0.481102
56200 426106 0.47786
56400 429100 0.481582
56600 429389 0.484439
56800 423863 0.484833
57000 429348 0.48465
57200 433220 0.484033
57400 431997 0.487491
57600 431597 0.48514
57800 433452 0.490471
58000 433077 0.486971
58200 436182 0.492173
58400 436144 0.493207
58600 432900 0.489426
58800 435907 0.493469
59000 436729 0.494433
59200 441720 0.499484
59400 437901 0.49759
59600 437277 0.49818
59800 442588 0.498914
60000 440869 0.503515
60200 442376 0.496827
60400 442825 0.500829
60600 442437 0.505188
60800 444169 0.503148
61000 444323 0.505027
61200 446888 0.50706
61400 443717 0.508781
61600 442149 0.510835
61800 449394 0.512144
62000 447571 0.510322
62200 447766 0.509998
62400 450932 0.512678
62600 456391 0.512214
62800 448556 0.512525
63000 448255 0.511118
63200 452781 0.514117
63400 451867 0.520364
63600 451469 0.513786
63800 452813 0.521607
64000 453977 0.520802
64200 454758 0.52112
64400 457509 0.520423
64600 459154 0.523858
64800 457943 0.518765
65000 457003 0.523316
65200 459783 0.526812
65400 460927 0.525768
65600 461019 0.522998
65800 465115 0.528154
66000 461966 0.528589
66200 462089 0.531181
66400 461682 0.53412
66600 464085 0.535691
66800 463366 0.536984
67000 467558 0.533509
67200 465028 0.538547
67400 466180 0.531861
67600 469255 0.540157
67800 469351 0.536306
68000 466043 0.5398
68200 470676 0.543159
68400 468870 0.54499
68600 471146 0.540281
68800 473898 0.544488
69000 477380 0.546102
69200 475838 0.545851
69400 475507 0.54471
69600 479530 0.546454
69800 479687 0.54742
70000 481252 0.553029
70200 480189 0.54934
70400 485629 0.551498
70600 479553 0.555952
70800 481316 0.551236
71000 487771 0.553251
71200 485578 0.562191
71400 481569 0.557498
71600 486820 0.557736
71800 489933 0.559726
72000 488995 0.562746
72200 493109 0.563137
72400 493668 0.563435
72600 492734 0.55728
72800 494986 0.564342
73000 495608 0.568471
73200 499137 0.562711
73400 499030 0.567202
73600 501639 0.565985
73800 503667 0.569045
74000 505689 0.568964
74200 506073 0.571565
74400 504241 0.569057
74600 508098 0.573257
74800 508131 0.576628
75000 505097 0.571805
75200 511303 0.572973
75400 513805 0.577478
75600 517054 0.576339
75800 517757 0.579665
76000 520382 0.583263
76200 519714 0.576173
76400 518893 0.5842
76600 522598 0.584173
76800 523526 0.581319
77000 524055 0.586218
77200 527435 0.588869
77400 526157 0.580412
77600 531722 0.583448
77800 535461 0.585692
78000 532231 0.592633
78200 537249 0.595976
78400 536403 0.586201
78600 537441 0.593991
78800 539757 0.592514
79000 542055 0.600804
79200 538885 0.595433
79400 541425 0.600354
79600 541459 0.595956
79800 543234 0.600238
80000 545395 0.59888
80200 552159 0.600693
80400 552716 0.599109
80600 546401 0.60142
80800 550601 0.607536
81000 549853 0.601176
81200 555802 0.607632
81400 555540 0.606428
81600 561344 0.609901
81800 557574 0.60591
82000 554236 0.607366
82200 560721 0.609968
82400 562809 0.614792
82600 563778 0.610351
82800 560779 0.615291
83000 563293 0.61807
83200 563122 0.619823
83400 564613 0.61789
83600 567778 0.618545
83800 572049 0.619707
84000 566590 0.62168
84200 569298 0.623669
84400 566751 0.623108
84600 567631 0.622107
84800 570379 0.624987
85000 577885 0.623443
85200 566917 0.620562
85400 575067 0.625454
85600 577282 0.627258
85800 579532 0.631116
86000 578961 0.628004
86200 570599 0.629548
86400 581261 0.630357
86600 578573 0.638843
86800 576615 0.629781
87000 577835 0.637301
87200 585617 0.635132
87400 584383 0.639307
87600 588910 0.637247
87800 585419 0.638133
88000 587190 0.639881
88200 587731 0.641997
88400 587713 0.644087
88600 590184 0.640981
88800 591784 0.645916
89000 589586 0.642995
89200 594484 0.647112
89400 590261 0.644874
89600 597000 0.644642
89800 594130 0.651066
90000 595900 0.646017
90200 595797 0.649257
90400 596864 0.651656
90600 598923 0.65421
90800 598824 0.653015
91000 602063 0.653045
91200 601242 0.657888
91400 598503 0.656067
91600 604978 0.657716
91800 607258 0.656694
92000 602561 0.66207
92200 605913 0.658351
92400 610461 0.667701
92600 604742 0.66504
92800 608033 0.662413
93000 605741 0.67192
93200 610514 0.655822
93400 607523 0.669947
93600 615359 0.668108
93800 610797 0.667245
94000 615348 0.666738
94200 612074 0.668172
94400 612349 0.673501
94600 612249 0.676894
94800 611933 0.670933
95000 612775 0.674889
95200 615906 0.677303
95400 613073 0.671968
95600 619148 0.676927
95800 617537 0.68034
96000 619237 0.676406
96200 619024 0.68175
96400 621093 0.681484
96600 621568 0.687662
96800 622184 0.682842
97000 620475 0.684683
97200 621655 0.689008
97400 628829 0.686724
97600 625113 0.691703
97800 617130 0.685491
98000 628064 0.691033
98200 624224 0.695207
98400 622643 0.687835
98600 626771 0.694604
98800 625966 0.693888
99000 630286 0.69316
99200 630377 0.699415
99400 630955 0.694093
99600 629215 0.693313
99800 633686 0.699705
100000 638443 0.695632
100200 637234 0.702324
100400 636709 0.703084
100600 631371 0.706319
100800 638868 0.701798
101000 641140 0.702292
101200 637619 0.705142
101400 634033 0.706764
101600 641731 0.706889
101800 640338 0.703182
102000 645667 0.709271
102200 640167 0.705642
102400 639860 0.710299
102600 639101 0.713062
102800 644726 0.71596
103000 644130 0.715469
103200 647368 0.713822
103400 642107 0.721251
103600 644804 0.713768
103800 641572 0.716161
104000 651084 0.719643
104200 647594 0.71693
104400 648944 0.725699
104600 649292 0.723367
104800 652964 0.719898
105000 652788 0.721736
105200 653572 0.727287
105400 652874 0.726524
105600 654109 0.730278
105800 653378 0.72692
106000 650453 0.728972
106200 658790 0.729351
106400 652229 0.732242
106600 647408 0.741115
106800 659119 0.738467
107000 653943 0.728698
107200 651730 0.739631
107400 661452 0.735384
107600 649971 0.734016
107800 659858 0.738445
108000 660548 0.744979
108200 654942 0.740696
108400 666459 0.734529
108600 660368 0.744936
108800 663149 0.744891
109000 667332 0.744944
109200 659049 0.748349
109400 665821 0.749741
109600 664182 0.75233
109800 661448 0.750403
110000 666090 0.750892
110200 667138 0.752998
110400 667006 0.748081
110600 660873 0.750398
110800 662583 0.760581
111000 668682 0.757073
111200 664080 0.752085
111400 671368 0.757877
111600 667814 0.759947
111800 669462 0.756348
112000 671751 0.761877
112200 675146 0.762752
112400 676820 0.764749
112600 672866 0.759262
112800 673316 0.766671
113000 671328 0.757086
113200 673047 0.767444
113400 680922 0.761666
113600 677277 0.775681
113800 669564 0.771554
114000 682048 0.770638
114200 681621 0.77929
114400 679340 0.770955
114600 680470 0.778168
114800 684207 0.77069
115000 678919 0.777769
115200 685040 0.780421
115400 686864 0.782221
115600 682610 0.777631
115800 680461 0.780795
116000 691774 0.779601
116200 685092 0.778968
116400 684203 0.784928
116600 689120 0.780723
116800 689630 0.785144
117000 692431 0.782504
117200 688304 0.793212
117400 689975 0.780306
117600 689885 0.788207
117800 693125 0.785899
118000 688781 0.786909
118200 693615 0.793384
118400 693272 0.785688
118600 695160 0.79048
118800 698653 0.789831
119000 696842 0.793775
119200 693054 0.799309
119400 695836 0.791125
119600 694118 0.801706
119800 697695 0.797286
120000 691359 0.795943
120200 695593 0.80613
120400 700833 0.803916
120600 697308 0.804017
120800 704841 0.808254
121000 696408 0.807678
121200 699678 0.809375
121400 702352 0.81178
121600 700981 0.808042
121800 699971 0.814412
122000 705361 0.814248
122200 699391 0.810508
122400 708252 0.812521
122600 709943 0.81201
122800 710698 0.817056
123000 710360 0.814423
123200 704276 0.816575
123400 705480 0.823648
123600 709879 0.819302
123800 711740 0.808251
124000 711375 0.819033
124200 712299 0.823177
124400 701802 0.819839
124600 710440 0.820127
124800 714588 0.821582
125000 714421 0.827629
125200 712046 0.822887
125400 717244 0.827551
125600 716632 0.826622
125800 714029 0.8323
126000 719827 0.829538
126200 716927 0.829268
126400 718663 0.83097
126600 721605 0.836503
126800 719228 0.831961
127000 717784 0.830667
127200 713938 0.840257
127400 719662 0.831054
127600 721446 0.833704
127800 721758 0.837857
128000 726025 0.84473
128200 718446 0.838551
128400 723773 0.839291
128600 717167 0.850341
128800 723983 0.844098
129000 729036 0.839914
129200 731077 0.843493
129400 725423 0.844326
129600 726062 0.855382
129800 730406 0.842282
130000 731120 0.849419
130200 730192 0.857092
130400 731460 0.85136
130600 725147 0.855571
130800 735619 0.857622
131000 730245 0.852519
131200 733441 0.855488
131400 735237 0.861156
131600 735252 0.853879
131800 734932 0.861917
132000 733671 0.859642
132200 729252 0.861999
132400 738024 0.867893
132600 724083 0.862814
132800 739594 0.861041
133000 741956 0.864361
133200 739458 0.856571
133400 742418 0.866962
133600 742708 0.864037
133800 739258 0.862714
134000 738678 0.875004
134200 736797 0.870481
134400 744140 0.874546
134600 748282 0.87283
134800 745686 0.865924
135000 738196 0.88121
135200 738458 0.875185
135400 747517 0.873599
135600 746131 0.881256
135800 739441 0.877621
136000 745348 0.876032
136200 751343 0.87557
136400 747989 0.886445
136600 743549 0.877289
136800 751894 0.881643
137000 746331 0.885557
137200 753310 0.888328
137400 752951 0.885599
137600 749336 0.882421
137800 753893 0.881688
138000 756204 0.889845
138200 752002 0.891507
138400 751643 0.896504
138600 752399 0.886818
138800 759731 0.897499
139000 760116 0.891488
139200 757453 0.898454
139400 751159 0.892485
139600 753641 0.901613
139800 756521 0.90545
140000 756857 0.899628
140200 760191 0.902925
140400 764986 0.901483
140600 758593 0.89934
140800 764864 0.904325
141000 773060 0.895212
141200 764073 0.905696
141400 765278 0.909287
141600 764367 0.900059
141800 768873 0.908431
142000 768609 0.921676
142200 767944 0.910268
142400 762000 0.908496
142600 765673 0.914559
142800 770821 0.912342
143000 767180 0.908958
143200 769824 0.906666
143400 772368 0.916768
143600 774450 0.914929
143800 770787 0.915804
144000 770062 0.924736
144200 771823 0.923371
144400 766984 0.921465
144600 778241 0.921377
144800 776452 0.924789
145000 771264 0.920426
145200 777384 0.932407
145400 773512 0.925614
145600 781106 0.92768
145800 778015 0.92953
146000 771473 0.933535
146200 778192 0.928219
146400 778152 0.932395
146600 781304 0.926025
146800 778635 0.936605
147000 784470 0.934781
147200 784993 0.936879
147400 772889 0.939832
147600 779980 0.940866
147800 789835 0.934557
148000 783188 0.931474
148200 783135 0.941616
148400 784887 0.944175
148600 782996 0.937377
148800 787009 0.949988
149000 783730 0.942642
149200 787482 0.943734
149400 789629 0.948497
149600 782040 0.94579
149800 786958 0.951823
150000 785077 0.953036
150200 794734 0.951536
150400 790586 0.958097
150600 785499 0.956861
150800 792199 0.95487
151000 790059 0.963173
151200 797226 0.950643
151400 795332 0.960696
151600 798806 0.94861
151800 792678 0.962148
152000 796892 0.961279
152200 794202 0.955345
152400 804995 0.954892
152600 802414 0.963021
152800 799306 0.961107
153000 796231 0.960058
153200 803559 0.96851
153400 803340 0.964794
153600 796024 0.962664
153800 799958 0.970181
154000 795099 0.971592
154200 805450 0.97258
154400 793821 0.979794
154600 801606 0.968469
154800 805158 0.972235
155000 805719 0.980438
155200 806488 0.976085
155400 809554 0.97126
155600 808904 0.983035
155800 803718 0.98382
156000 810495 0.977887
156200 811882 0.978104
156400 802433 0.990256
156600 806546 0.97873
156800 816454 0.983763
157000 817948 0.978867
157200 810324 0.982991
157400 814793 0.988727
157600 810505 0.985573
157800 813262 0.987599
158000 811757 0.990447
158200 817913 0.999242
158400 810534 0.991611
158600 812130 0.993013
158800 811464 1.0041
159000 817953 0.992348
159200 821895 0.997269
159400 827327 0.991123
159600 820116 0.994937
159800 818097 1.00427
160000 822039 0.999929
160200 817286 1.00709
160400 821087 1.00223
160600 815242 1.00091
160800 820029 1.00718
161000 825173 0.996626
161200 823562 1.01373
161400 820077 1.00895
161600 812863 1.01332
161800 829386 1.01244
162000 824602 1.0082
162200 827259 1.00804
162400 828669 1.01767
162600 822330 1.00722
162800 824652 1.01294
163000 825813 1.01853
163200 827934 1.02738
163400 824465 1.01522
163600 830070 1.01874
163800 841107 1.02459
164000 825498 1.02248
164200 834646 1.01882
164400 831462 1.03292
164600 827786 1.02332
164800 828414 1.02422
165000 838128 1.02779
165200 840111 1.02891
165400 831969 1.0269
165600 839494 1.02526
165800 837829 1.03249
166000 830830 1.031
166200 837583 1.03373
166400 838883 1.03328
166600 831602 1.03552
166800 836466 1.03583
167000 833179 1.04003
167200 833141 1.03696
167400 828271 1.03304
167600 836010 1.04114
167800 837340 1.0422
168000 840677 1.03364
168200 847121 1.04045
168400 843919 1.04316
168600 844612 1.03581
168800 845725 1.05085
169000 848104 1.04078
169200 852288 1.04515
169400 848599 1.05089
169600 840440 1.04122
169800 848636 1.04946
170000 845924 1.05219
170200 845865 1.04863
170400 852626 1.0516
170600 853869 1.05136
170800 849093 1.05731
171000 849685 1.04926
171200 853415 1.06169
171400 852335 1.0461
171600 847137 1.05808
171800 857379 1.05789
172000 852884 1.0651
172200 858808 1.05517
172400 858756 1.06582
172600 854953 1.06151
172800 846372 1.05901
173000 858523 1.06261
173200 858662 1.06721
173400 860202 1.066
173600 850513 1.06496
173800 866102 1.06769
174000 862270 1.06291
174200 856734 1.07468
174400 862327 1.0755
174600 854854 1.06834
174800 867541 1.07249
175000 866487 1.07119
175200 869001 1.07946
175400 860465 1.07136
175600 872736 1.0789
175800 863002 1.07957
176000 868349 1.08643
176200 866158 1.08553
176400 865069 1.07859
176600 874150 1.08579
176800 861368 1.0856
177000 868003 1.08519
177200 865047 1.08834
177400 872600 1.09
177600 866602 1.09508
177800 867933 1.08439
178000 880133 1.08707
178200 872753 1.08706
178400 870574 1.08515
178600 871925 1.09911
178800 871814 1.08826
179000 877008 1.09371
179200 881034 1.09489
179400 886375 1.09927
179600 874720 1.09215
179800 883372 1.09327
180000 884872 1.10851
180200 877901 1.09735
180400 875700 1.09908
180600 877669 1.10694
180800 882442 1.11245
181000 875303 1.10951
181200 882775 1.10476
181400 885491 1.11297
181600 879371 1.10769
181800 879823 1.11009
182000 896770 1.11209
182200 891806 1.11258
182400 886230 1.10878
182600 880766 1.10881
182800 886349 1.12075
183000 886219 1.10719
183200 886413 1.12294
183400 885429 1.11113
183600 885105 1.11722
183800 889302 1.1188
184000 888515 1.11478
184200 893088 1.12636
184400 892565 1.11815
184600 890204 1.12423
184800 893210 1.13457
185000 887901 1.12595
185200 892897 1.12729
185400 900629 1.12708
185600 889779 1.11976
185800 894043 1.13115
186000 897712 1.12898
186200 890633 1.1254
186400 895241 1.13623
186600 895596 1.12371
186800 894590 1.13529
187000 896136 1.13886
187200 898205 1.14221
187400 896912 1.12903
187600 897579 1.1408
187800 903427 1.13816
188000 893854 1.13966
188200 904045 1.152
188400 904531 1.13692
188600 905274 1.14823
188800 904502 1.1424
189000 902631 1.14159
189200 903972 1.14833
189400 906437 1.14764
189600 904087 1.14652
189800 908309 1.14386
190000 902413 1.1477
190200 916423 1.15296
190400 899042 1.1525
190600 902385 1.15803
190800 910813 1.15336
191000 915668 1.16068
191200 904572 1.15482
191400 906737 1.15612
191600 915649 1.15545
191800 904627 1.16548
192000 906098 1.15819
192200 916146 1.16207
192400 910596 1.16075
192600 901540 1.16429
192800 917016 1.16152
193000 908736 1.16709
193200 903653 1.16389
193400 919107 1.16713
193600 916541 1.17193
193800 919722 1.17118
194000 921152 1.16183
194200 919911 1.18099
194400 917445 1.16005
194600 918538 1.17815
194800 916765 1.16685
195000 916717 1.1721
195200 928229 1.16705
195400 932378 1.18801
195600 920442 1.17287
195800 925140 1.18121
196000 922997 1.18843
196200 909493 1.183
196400 919283 1.18599
196600 921474 1.18773
196800 920597 1.17069
197000 917492 1.18856
197200 920858 1.18428
197400 927513 1.19449
197600 922583 1.18668
197800 930078 1.18218
198000 929325 1.19296
198200 935117 1.17675
198400 926355 1.19278
198600 937676 1.1907
198800 929812 1.18942
199000 941224 1.19965
199200 922642 1.19346
199400 927002 1.20349
199600 928070 1.19754
199800 933528 1.19099
200000 942346 1.19804
200200 934280 1.19206
200400 934840 1.20581
200600 933212 1.20631
200800 939710 1.19804
201000 948928 1.20515
201200 941452 1.19984
201400 938243 1.20868
201600 937560 1.20771
201800 938435 1.21532
202000 934579 1.21422
202200 948477 1.21036
202400 938367 1.20798
202600 940576 1.21516
202800 944107 1.21967
203000 938739 1.21823
203200 939909 1.20366
203400 944812 1.2222
203600 935444 1.21802
203800 939544 1.22301
204000 951226 1.22133
204200 944325 1.21562
204400 947999 1.21479
204600 954107 1.22089
204800 944260 1.22435
205000 944079 1.22826
205200 957294 1.22621
205400 948378 1.22322
205600 958011 1.22534
205800 950175 1.22366
206000 948437 1.24063
206200 953001 1.22962
206400 950221 1.23123
206600 957810 1.23352
206800 956469 1.23029
207000 950056 1.2396
207200 951285 1.22909
207400 954663 1.23868
207600 954210 1.23902
207800 953571 1.22813
208000 960893 1.23819
208200 957576 1.24333
208400 952401 1.24817
208600 951129 1.23688
208800 960805 1.25076
209000 953724 1.24049
209200 959704 1.24742
209400 961782 1.23822
209600 965664 1.25069
209800 968172 1.2501
210000 959910 1.24635
210200 961763 1.2513
210400 966175 1.25555
210600 959971 1.24353
210800 969941 1.25172
211000 961601 1.26124
211200 967172 1.24949
211400 968851 1.25746
211600 967423 1.25804
211800 970202 1.26496
212000 968665 1.25136
212200 966616 1.26496
212400 969266 1.2574
212600 967507 1.27291
212800 969929 1.26171
213000 968988 1.26521
213200 976909 1.26409
213400 965298 1.26562
213600 975760 1.25593
213800 972330 1.27566
214000 965943 1.26792
214200 971587 1.26908
214400 974446 1.27684
214600 977119 1.25953
214800 976865 1.28186
215000 977011 1.27221
215200 978955 1.27523
215400 983044 1.27937
215600 973263 1.26875
215800 980565 1.27909
216000 977581 1.27751
216200 980668 1.27969
216400 984057 1.28259
216600 992016 1.27272
216800 991930 1.28717
217000 972477 1.27732
217200 983792 1.28783
217400 983903 1.2917
217600 974479 1.27988
217800 986951 1.28964
218000 987128 1.29671
218200 977764 1.28209
218400 985992 1.28762
218600 987618 1.29057
218800 985297 1.2973
219000 988457 1.27869
219200 998563 1.2968
219400 990507 1.29248
219600 988145 1.29626
219800 992484 1.30009
220000 990365 1.30724
220200 992526 1.28894
220400 997329 1.2982
220600 997026 1.30112
220800 988846 1.30219
221000 997738 1.31222
221200 997877 1.30292
221400 991886 1.30755
221600 1.00468e+06 1.31518
221800 995717 1.30764
222000 999405 1.31138
222200 1.00218e+06 1.31028
222400 990300 1.31205
222600 1.00141e+06 1.31563
222800 991416 1.30664
223000 992192 1.3203
223200 1.00142e+06 1.32095
223400 1.00142e+06 1.30188
223600 997656 1.32133
223800 1.00502e+06 1.31068
224000 994267 1.31938
224200 999907 1.32953
224400 998018 1.31523
224600 1.00413e+06 1.32938
224800 999696 1.32917
225000 996367 1.32712
225200 1.0083e+06 1.32692
225400 1.00299e+06 1.32552
225600 1.01183e+06 1.33497
225800 1.00137e+06 1.33066
226000 1.00243e+06 1.33344
226200 1.01197e+06 1.3288
226400 1.00242e+06 1.34423
226600 1.00415e+06 1.32743
226800 1.0144e+06 1.33266
227000 1.00766e+06 1.34287
227200 1.01033e+06 1.3252
227400 1.01412e+06 1.34037
227600 1.00997e+06 1.33475
227800 1.00201e+06 1.34421
228000 1.00924e+06 1.34438
228200 1.01121e+06 1.33494
228400 1.01358e+06 1.34997
228600 1.00899e+06 1.33948
228800 1.00719e+06 1.35876
229000 1.0133e+06 1.34007
229200 1.01702e+06 1.33903
229400 1.02427e+06 1.3451
229600 1.01486e+06 1.3535
229800 1.0045e+06 1.33899
230000 1.01746e+06 1.35184
230200 1.02577e+06 1.34966
230400 1.0201e+06 1.34687
230600 1.01574e+06 1.35358
230800 1.02214e+06 1.3595
231000 1.02548e+06 1.34855
231200 1.01678e+06 1.35282
231400 1.0156e+06 1.36073
231600 1.02599e+06 1.3725
231800 1.0201e+06 1.35635
232000 1.02307e+06 1.35625
232200 1.02277e+06 1.37104
232400 1.01715e+06 1.36512
232600 1.03734e+06 1.35887
232800 1.02752e+06 1.35224
233000 1.02813e+06 1.36785
233200 1.02638e+06 1.36895
233400 1.02556e+06 1.36002
233600 1.03709e+06 1.37302
233800 1.0352e+06 1.37155
234000 1.02808e+06 1.35992
234200 1.02365e+06 1.37668
234400 1.02302e+06 1.37005
234600 1.02591e+06 1.36439
234800 1.03345e+06 1.37207
235000 1.03792e+06 1.37071
235200 1.02892e+06 1.35971
235400 1.03167e+06 1.38229
235600 1.02958e+06 1.37856
235800 1.02758e+06 1.37949
236000 1.03316e+06 1.38897
236200 1.03903e+06 1.37308
236400 1.024e+06 1.37829
236600 1.03709e+06 1.38137
236800 1.03823e+06 1.38745
237000 1.04083e+06 1.38361
237200 1.03695e+06 1.37944
237400 1.04238e+06 1.39682
237600 1.04165e+06 1.38393
237800 1.04199e+06 1.395
238000 1.03886e+06 1.39821
238200 1.04034e+06 1.38573
238400 1.03853e+06 1.39168
238600 1.0457e+06 1.39745
238800 1.04658e+06 1.39051
239000 1.04167e+06 1.3907
239200 1.0471e+06 1.40422
239400 1.04184e+06 1.39487
239600 1.04571e+06 1.3961
239800 1.04873e+06 1.39729
240000 1.05028e+06 1.3981
240200 1.04855e+06 1.41202
240400 1.0478e+06 1.40037
240600 1.04203e+06 1.40217
240800 1.05209e+06 1.41284
241000 1.04967e+06 1.4008
241200 1.05297e+06 1.40128
241400 1.05584e+06 1.41776
241600 1.04928e+06 1.41126
241800 1.0471e+06 1.41412
242000 1.05802e+06 1.41482
242200 1.0508e+06 1.41417
242400 1.04955e+06 1.41404
242600 1.05305e+06 1.42338
242800 1.04796e+06 1.40971
243000 1.04883e+06 1.41758
243200 1.05467e+06 1.41526
243400 1.04733e+06 1.40792
243600 1.05465e+06 1.41831
243800 1.05643e+06 1.41416
244000 1.06694e+06 1.4279
244200 1.06035e+06 1.41737
244400 1.05571e+06 1.42529
244600 1.04968e+06 1.42007
244800 1.05248e+06 1.4244
245000 1.05944e+06 1.42802
245200 1.06238e+06 1.41551
245400 1.06746e+06 1.43303
245600 1.06201e+06 1.42351
245800 1.06775e+06 1.4305
246000 1.07325e+06 1.42765
246200 1.05621e+06 1.42417
246400 1.06401e+06 1.43395
246600 1.06286e+06 1.433
246800 1.06212e+06 1.43066
247000 1.07572e+06 1.43116
247200 1.05919e+06 1.42745
247400 1.0632e+06 1.43095
247600 1.06641e+06 1.43663
247800 1.07252e+06 1.4465
248000 1.06468e+06 1.43292
248200 1.07182e+06 1.44938
248400 1.06787e+06 1.44108
248600 1.06082e+06 1.44773
248800 1.07067e+06 1.44216
249000 1.06186e+06 1.44749
249200 1.07381e+06 1.44887
249400 1.06765e+06 1.43879
249600 1.06672e+06 1.45022
249800 1.06476e+06 1.45428
250000 1.06307e+06 1.45025
250200 1.07559e+06 1.44781
250400 1.07482e+06 1.46245
250600 1.07081e+06 1.45453
250800 1.0805e+06 1.44921
251000 1.07011e+06 1.46149
251200 1.07828e+06 1.45277
251400 1.07138e+06 1.44831
251600 1.07473e+06 1.465
251800 1.08617e+06 1.45239
252000 1.07791e+06 1.4473
252200 1.08345e+06 1.45992
252400 1.08248e+06 1.45658
252600 1.08193e+06 1.46453
252800 1.08285e+06 1.46667
253000 1.07436e+06 1.46306
253200 1.08178e+06 1.47051
253400 1.07172e+06 1.477
253600 1.07545e+06 1.46529
253800 1.08534e+06 1.47212
254000 1.08309e+06 1.46766
254200 1.07782e+06 1.4735
254400 1.08597e+06 1.47766
254600 1.08294e+06 1.45605
254800 1.08588e+06 1.47253
255000 1.07208e+06 1.48665
255200 1.07075e+06 1.46484
255400 1.09152e+06 1.46919
255600 1.08755e+06 1.47808
255800 1.08824e+06 1.48094
256000 1.0922e+06 1.47831
256200 1.08872e+06 1.47011
256400 1.09287e+06 1.49284
256600 1.08401e+06 1.48729
256800 1.08529e+06 1.49516
257000 1.09355e+06 1.4885
257200 1.08444e+06 1.4824
257400 1.093e+06 1.49638
257600 1.09454e+06 1.47969
257800 1.09776e+06 1.49482
258000 1.09665e+06 1.494
258200 1.08355e+06 1.49798
258400 1.09611e+06 1.50572
258600 1.09412e+06 1.48907
258800 1.10123e+06 1.47888
259000 1.10378e+06 1.49125
259200 1.08967e+06 1.50211
259400 1.1068e+06 1.48373
259600 1.10529e+06 1.49891
259800 1.09776e+06 1.49087
260000 1.0946e+06 1.4999
