# Time-averaged data for fix logH
# TimeStep v_H v_pressVar
0 7.75666e+08 4166.8
100 5.61604e+07 301.65
200 -1.7615e+08 -944.024
300 1.72901e+08 928.258
400 -2.4551e+08 -1314.84
500 2.15819e+08 1157.74
600 -8.38821e+07 -448.935
700 -8.41465e+07 -450.166
800 7.37544e+07 395.262
900 -1.42574e+08 -762.11
1000 1.94786e+08 1043
1100 -1.28926e+08 -688.835
1200 3.77462e+07 202.262
1300 8.54515e+07 457.531
1400 -5.71341e+07 -305.283
1500 7.89825e+07 423.009
1600 9.51124e+06 51.2277
1700 2.36306e+06 12.9864
1800 -4.40467e+07 -235.222
1900 9.3226e+06 50.221
2000 -7.17108e+07 -383.244
2100 -3.69702e+07 -197.434
2200 1.84526e+07 99.0777
2300 2.51217e+07 134.711
2400 9.96064e+07 533.332
2500 -1.72564e+08 -922.253
2600 1.42104e+08 760.886
2700 -6.72467e+07 -359.329
2800 2.86076e+06 15.6529
2900 -1.64972e+07 -87.901
3000 -9.17052e+07 -490.037
3100 1.93331e+08 1035.09
3200 -1.62603e+08 -869.051
3300 3.45193e+06 18.8143
3400 3.72974e+07 199.902
3500 -5.00829e+07 -267.517
3600 1.44803e+08 775.324
3700 -1.868e+08 -998.18
3800 1.82904e+08 979.323
3900 -1.24036e+08 -662.874
4000 1.12582e+08 602.805
4100 7.40509e+07 396.56
4200 -1.95286e+08 -1043.71
4300 2.53055e+08 1355.18
4400 -2.45294e+08 -1310.68
4500 1.83618e+08 983.205
4600 -6.511e+07 -347.868
4700 -2.4994e+07 -133.346
4800 2.16774e+08 1160.8
4900 -2.67686e+08 -1430.4
5000 2.64051e+08 1413.98
5100 -1.53307e+08 -819.254
5200 7.32505e+07 392.262
5300 5.14628e+07 275.703
5400 -1.24886e+08 -667.449
5500 2.23161e+08 1195.05
5600 -2.44259e+08 -1305.23
5700 1.89317e+08 1013.63
5800 -5.86485e+07 -313.305
5900 -6.92648e+07 -370.128
6000 5.56337e+07 298.038
6100 -6.76139e+07 -361.254
6200 1.24628e+08 667.282
6300 -7.66384e+07 -409.442
6400 4.96552e+07 266.009
6500 -4.98013e+07 -266.018
6600 1.63009e+07 87.5527
6700 2.64031e+07 141.602
6800 -4.52535e+06 -23.8606
6900 3.29055e+07 176.385
7000 -8.25505e+07 -441.112
7100 6.44123e+06 34.8043
7200 -8.55329e+06 -45.4072
7300 1.36512e+07 73.3744
7400 5.55973e+07 297.808
7500 -8.13269e+07 -434.577
7600 5.34288e+07 286.19
7700 -1.96968e+07 -105.006
7800 1.09536e+07 58.9379
7900 6.85614e+07 367.179
8000 -7.33974e+07 -392.187
8100 1.0586e+08 566.773
8200 -1.44926e+07 -77.1704
8300 -6.92132e+06 -36.6754
8400 6.7004e+07 358.861
8500 -1.34432e+08 -718.448
8600 1.04773e+08 561.071
8700 -1.1434e+08 -611.073
8800 5.54172e+07 296.826
8900 1.2121e+07 65.1894
9000 -1.47673e+08 -789.284
9100 1.20366e+08 644.522
9200 -1.09474e+08 -585.001
9300 1.54588e+08 827.757
9400 -1.64095e+08 -876.959
9500 1.2924e+08 691.98
9600 -396702 -1.77594
9700 -1.12949e+08 -603.641
9800 1.95584e+08 1047.27
9900 -1.67587e+08 -895.624
10000 1.11799e+08 598.668
10100 -7.33316e+07 -391.821
10200 1.90998e+07 102.522
10300 4.65491e+07 249.399
10400 -1.69429e+08 -905.477
10500 1.53846e+08 823.79
10600 -1.53633e+08 -821.049
10700 1.51381e+08 810.531
10800 -1.26416e+07 -67.2747
10900 -5.20997e+07 -278.282
11000 1.26668e+08 678.263
11100 -2.51443e+08 -1343.53
11200 2.5129e+08 1345.73
11300 -1.87207e+08 -1000.45
11400 8.08511e+07 432.959
11500 8.87179e+07 475.038
11600 -2.0164e+08 -1077.5
11700 2.62656e+08 1406.49
11800 -1.43716e+08 -767.976
11900 8.26205e+07 442.451
12000 -3.82369e+07 -204.172
12100 -4.67387e+07 -249.626
12200 1.25503e+08 671.889
12300 -1.17402e+08 -627.435
12400 7.23933e+07 387.687
12500 -2.46746e+07 -131.643
12600 -5.43779e+07 -290.488
12700 1.24442e+08 666.245
12800 -1.01988e+08 -544.953
12900 1.22732e+08 657.085
13000 -7.81231e+07 -417.449
13100 -5.24732e+07 -280.326
13200 6.69027e+07 358.302
13300 -7.62794e+07 -407.565
13400 9.34386e+07 500.272
13500 -6.6085e+07 -353.061
13600 1.27547e+07 68.5735
13700 3.84072e+07 205.818
13800 -3.62593e+07 -193.575
13900 9.9362e+07 532.025
14000 -1.04311e+08 -557.42
14100 9.98701e+07 534.727
14200 -5.75734e+07 -307.55
14300 6.20547e+06 33.541
14400 1.01333e+07 54.5555
14500 -8.84676e+07 -472.758
14600 9.28994e+07 497.459
14700 -1.25673e+08 -671.622
14800 7.80041e+07 417.694
14900 85984.5 0.80584
15000 -1.4966e+07 -79.7048
15100 5.98616e+07 320.629
15200 -9.0024e+07 -481.038
15300 1.2734e+08 681.78
15400 -7.60892e+07 -406.516
15500 6.88364e+07 368.601
15600 2.52438e+07 135.383
15700 -9.45179e+07 -505.101
15800 1.35202e+08 723.888
15900 -8.16136e+07 -436.054
16000 1.0442e+08 559.069
16100 -1.01187e+08 -540.73
16200 -4.50693e+06 -23.7614
16300 9.82643e+07 526.123
16400 -1.25947e+08 -673.08
16500 1.34882e+08 722.18
16600 -1.25205e+08 -669.071
16700 4.14496e+07 222.088
16800 4.27306e+07 228.939
16900 -8.04315e+07 -429.747
17000 1.54876e+08 829.211
17100 -1.47742e+08 -789.569
17200 1.18645e+08 635.237
17300 -4.67782e+07 -249.814
17400 -4.14145e+07 -221.153
17500 7.70782e+07 412.759
17600 -1.74018e+08 -929.998
17700 1.62858e+08 871.969
17800 -1.12076e+08 -598.901
17900 6.18771e+07 331.383
18000 -1.63503e+07 -87.102
18100 -4.06781e+07 -217.185
18200 1.63746e+08 876.699
18300 -1.73039e+08 -924.69
18400 1.90023e+08 1017.42
18500 -1.42704e+08 -762.644
18600 2.29466e+07 123.098
18700 4.90371e+07 262.675
18800 -1.6483e+08 -880.925
18900 1.72067e+08 921.322
19000 -1.50731e+08 -805.526
19100 1.2002e+08 642.588
19200 -3.47945e+07 -185.742
19300 -4.3553e+07 -232.571
19400 1.0427e+08 558.274
19500 -1.12172e+08 -599.401
19600 1.44642e+08 774.423
19700 -1.1993e+08 -640.943
19800 5.01071e+07 268.427
19900 -3.15569e+07 -168.436
20000 -5.28022e+07 -282.04
20100 -5.46058e+07 -291.685
20200 -5.64166e+07 -301.369
20300 -6.92598e+07 -370.055
20400 -7.49515e+07 -400.494
20500 -6.76028e+07 -361.193
20600 -4.49495e+07 -240.043
20700 -7.03002e+07 -375.619
20800 -6.81744e+07 -364.25
20900 -7.38574e+07 -394.642
21000 -7.59584e+07 -405.878
21100 -7.56006e+07 -403.965
21200 -5.15573e+07 -275.382
21300 -5.24123e+07 -279.955
21400 -5.20327e+07 -277.924
21500 -6.1499e+07 -328.55
21600 -8.17882e+07 -437.056
21700 -5.72133e+07 -305.63
21800 -5.60205e+07 -299.251
21900 -7.52652e+07 -402.171
22000 -5.21385e+07 -278.49
22100 -5.92128e+07 -316.323
22200 -7.96201e+07 -425.461
22300 -8.88177e+07 -474.65
22400 -8.78523e+07 -469.487
22500 -6.36985e+07 -340.313
22600 -5.06267e+07 -270.405
22700 -3.62521e+07 -193.53
22800 -6.43144e+07 -343.607
22900 -6.20819e+07 -331.667
23000 -7.72087e+07 -412.565
23100 -6.12521e+07 -327.23
23200 -6.21679e+07 -332.127
23300 -5.34552e+07 -285.532
23400 -5.56557e+07 -297.3
23500 -5.79916e+07 -309.792
23600 -4.83899e+07 -258.443
23700 -5.3139e+07 -283.841
23800 -6.97371e+07 -372.607
23900 -7.44208e+07 -397.655
24000 -5.77606e+07 -308.557
24100 -4.77108e+07 -254.811
24200 -1.67473e+07 -89.2185
24300 -5.84713e+07 -312.358
24400 -7.06371e+07 -377.42
24500 -5.16782e+07 -276.029
24600 -5.75673e+07 -307.523
24700 -5.16497e+07 -275.876
24800 -4.54682e+07 -242.817
24900 -1.56606e+07 -83.4067
25000 -4.98687e+07 -266.352
25100 -6.30718e+07 -336.962
25200 -4.6323e+07 -247.389
25300 -6.32777e+07 -338.063
25400 -4.05919e+07 -216.739
25500 -3.42301e+07 -182.716
25600 -5.21587e+07 -278.599
25700 -4.05737e+07 -216.642
25800 -7.14859e+07 -381.96
25900 -6.4764e+07 -346.011
26000 -5.43137e+07 -290.123
26100 -2.93998e+07 -156.884
26200 -5.39515e+07 -288.187
26300 -6.47122e+07 -345.735
26400 -7.12179e+07 -380.527
26500 -6.76088e+07 -361.226
26600 -2.73213e+07 -145.768
26700 -5.71926e+07 -305.52
26800 -5.017e+07 -267.963
26900 -7.87707e+07 -420.92
27000 -9.28253e+07 -496.084
27100 -7.92142e+07 -423.292
27200 -3.52936e+07 -188.404
27300 -4.17408e+07 -222.884
27400 -6.1857e+07 -330.466
27500 -4.323e+07 -230.848
27600 -5.7893e+07 -309.266
27700 -5.94992e+07 -317.856
27800 -6.80329e+07 -363.495
27900 -4.45701e+07 -238.016
28000 -7.00735e+07 -374.408
28100 -7.21434e+07 -385.477
28200 -7.19373e+07 -384.376
28300 -5.25124e+07 -280.491
28400 -7.0277e+07 -375.496
28500 -7.0294e+07 -375.587
28600 -4.1702e+07 -222.677
28700 -4.05119e+07 -216.312
28800 -6.43846e+07 -343.984
28900 -8.44911e+07 -451.514
29000 -6.99465e+07 -373.729
29100 -6.02258e+07 -321.743
29200 -5.59238e+07 -298.735
29300 -3.9427e+07 -210.511
29400 -7.82323e+07 -418.042
29500 -7.4019e+07 -395.509
29600 -6.87151e+07 -367.144
29700 -4.9353e+07 -263.595
29800 -5.20292e+07 -277.908
29900 -5.68388e+07 -303.629
30000 -7.96982e+07 -425.882
30100 -6.65759e+07 -355.704
30200 -6.67236e+07 -356.494
30300 -7.4542e+07 -398.307
30400 -6.18919e+07 -330.654
30500 -5.81046e+07 -310.399
30600 -6.45141e+07 -344.678
30700 -4.69165e+07 -250.565
30800 -6.87736e+07 -367.458
30900 -5.80486e+07 -310.1
31000 -6.07911e+07 -324.767
31100 -3.39687e+07 -181.32
31200 -5.92066e+07 -316.293
31300 -6.64013e+07 -354.771
31400 -8.17096e+07 -436.641
31500 -8.005e+07 -427.765
31600 -5.43493e+07 -290.317
31700 -3.84517e+07 -205.296
31800 -5.14854e+07 -275.001
31900 -3.96302e+07 -211.599
32000 -5.31506e+07 -283.907
32100 -6.04039e+07 -322.698
32200 -5.71694e+07 -305.4
32300 -4.37763e+07 -233.772
32400 -6.08247e+07 -324.949
32500 -4.80995e+07 -256.893
32600 -4.27571e+07 -228.322
32700 -6.60479e+07 -352.883
32800 -4.98719e+07 -266.373
32900 -4.51779e+07 -241.269
33000 -2.59395e+07 -138.38
33100 -4.45019e+07 -237.654
33200 -6.53607e+07 -349.208
33300 -5.10368e+07 -272.603
33400 -6.02274e+07 -321.756
33500 -3.63427e+07 -194.018
33600 -4.11625e+07 -219.795
33700 -3.51331e+07 -187.549
33800 -2.79513e+07 -149.14
33900 -4.9194e+07 -262.748
34000 -4.58416e+07 -244.82
34100 -5.27208e+07 -281.61
34200 -5.58273e+07 -298.224
34300 -1.97825e+07 -105.453
34400 -1.89147e+07 -100.812
34500 -4.22373e+07 -225.544
34600 -6.94518e+07 -371.09
34700 -4.68436e+07 -250.179
34800 -3.38149e+07 -180.5
34900 -3.97011e+07 -211.981
35000 -4.20246e+07 -224.407
35100 -6.28604e+07 -335.84
35200 -4.57105e+07 -244.12
35300 -4.44983e+07 -237.637
35400 -2.49135e+07 -132.895
35500 -4.45547e+07 -237.939
35600 -4.23492e+07 -226.144
35700 -6.11021e+07 -326.437
35800 -4.34574e+07 -232.071
35900 -4.6841e+07 -250.167
36000 -3.94293e+07 -210.528
36100 -3.28404e+07 -175.29
36200 -2.29031e+07 -122.144
36300 -2.85004e+07 -152.079
36400 -6.994e+07 -373.705
36500 -6.81508e+07 -364.136
36600 -4.06223e+07 -216.909
36700 -2.82017e+07 -150.482
36800 -3.30258e+07 -176.282
36900 -4.18927e+07 -223.704
37000 -6.04369e+07 -322.882
37100 -5.46075e+07 -291.705
37200 -5.40084e+07 -288.502
37300 -5.21832e+07 -278.74
37400 -5.29038e+07 -282.594
37500 -2.45251e+07 -130.819
37600 -4.68054e+07 -249.979
37700 -6.82145e+07 -364.48
37800 -4.14791e+07 -221.493
37900 -5.58011e+07 -298.09
38000 -5.39568e+07 -288.227
38100 -1.72593e+07 -91.9606
38200 -4.42477e+07 -236.301
38300 -6.57505e+07 -351.303
38400 -5.7453e+07 -306.926
38500 -5.75537e+07 -307.465
38600 -2.81479e+07 -150.196
38700 -5.32331e+07 -284.358
38800 -2.5e+07 -133.361
38900 -4.89673e+07 -261.544
39000 -7.11404e+07 -380.132
39100 -5.63417e+07 -300.984
39200 -4.16651e+07 -222.491
39300 -1.90078e+07 -101.313
39400 -3.82411e+07 -204.178
39500 -4.81071e+07 -256.945
39600 -2.24737e+07 -119.85
39700 -5.03287e+07 -268.827
39800 -4.32289e+07 -230.855
39900 -4.28805e+07 -228.992
40000 -4.81368e+07 -257.104
40100 -4.89108e+07 -261.244
40200 -3.57321e+07 -190.761
40300 -3.82202e+07 -204.068
40400 -4.83265e+07 -258.12
40500 -5.42039e+07 -289.555
40600 -6.00106e+07 -320.611
40700 -6.33248e+07 -338.337
40800 -3.89498e+07 -207.971
40900 -4.88241e+06 -25.7669
41000 -3.89656e+07 -208.056
41100 -7.73366e+07 -413.279
41200 -5.41616e+07 -289.33
41300 -4.46447e+07 -238.431
41400 -5.95697e+07 -318.255
41500 -1.85661e+07 -98.9528
41600 -3.33816e+07 -178.192
41700 -4.21913e+07 -225.31
41800 -3.89333e+07 -207.885
41900 -4.69472e+07 -250.747
42000 -3.39841e+07 -181.415
42100 -3.26109e+07 -174.071
42200 -4.70498e+07 -251.297
42300 -3.56792e+07 -190.482
42400 -5.16932e+07 -276.132
42500 -2.38602e+07 -127.269
42600 -3.33701e+07 -178.133
42700 -6.21001e+07 -331.794
42800 -4.99485e+07 -266.802
42900 -3.13235e+07 -167.187
43000 -4.13515e+07 -220.822
43100 -2.90958e+07 -155.272
43200 -3.18256e+07 -169.873
43300 -3.61127e+07 -192.803
43400 -2.38509e+07 -127.221
43500 -1.10281e+07 -58.6381
43600 -2.57581e+07 -137.422
43700 -5.48019e+07 -292.763
43800 -3.93236e+07 -209.977
43900 -2.80944e+07 -149.918
44000 -3.03731e+07 -162.106
44100 -1.58466e+07 -84.4102
44200 -2.61081e+07 -139.294
44300 -3.82217e+07 -204.085
44400 -2.51428e+07 -134.132
44500 -3.54104e+07 -189.049
44600 -4.57972e+07 -244.604
44700 -1.283e+07 -68.2763
44800 -3.36583e+07 -179.679
44900 -2.75873e+07 -147.208
45000 -2.05427e+07 -109.529
45100 -3.91017e+07 -208.794
45200 -2.01827e+07 -107.604
45300 -2.25449e+07 -120.238
45400 -2.9049e+06 -15.1914
45500 -1.22207e+07 -65.0182
45600 -1.75153e+07 -93.3375
45700 -1.82242e+07 -97.129
45800 -1.42286e+07 -75.7585
45900 -2.50599e+06 -13.0578
46000 -2.55758e+07 -136.451
46100 -4.52552e+07 -241.711
46200 -1.69642e+07 -90.3907
46300 -1.75718e+06 -9.05267
46400 -2.53377e+07 -135.178
46500 -4.26742e+07 -227.907
46600 -2.94226e+07 -157.028
46700 -1.95898e+07 -104.435
46800 -1.75374e+07 -93.4572
46900 -5.30468e+06 -28.0276
47000 -1.32027e+07 -70.2721
47100 -3.20901e+06 -16.8183
47200 -2.10092e+07 -112.028
47300 -4.24162e+07 -226.53
47400 -3.73867e+07 -199.629
47500 -1.64999e+07 -87.9089
47600 -1.93236e+07 -103.012
47700 -3.20809e+06 -16.8136
47800 1.9202e+07 103.054
47900 9.00473e+06 48.511
48000 -2.51467e+07 -134.16
48100 -1.42117e+07 -75.6707
48200 -1.46967e+07 -78.2647
48300 -1.58521e+07 -84.4455
48400 -1.26963e+07 -67.5653
48500 -2.60888e+06 -13.6087
48600 -2.49199e+07 -132.949
48700 -1.73719e+07 -92.575
48800 -9.86242e+06 -52.4075
48900 -1.94233e+07 -103.548
49000 -4.1418e+06 -21.8084
49100 -7.6143e+06 -40.3828
49200 7.13685e+06 38.5209
49300 -1.02309e+07 -54.3792
49400 3.64987e+06 19.8692
49500 2.76981e+06 15.1618
49600 9.1965e+06 49.5383
49700 1.80209e+07 96.7405
49800 7.65806e+06 41.3093
49900 2.71781e+06 14.8837
50000 5.35425e+06 28.9863
50100 -2.47138e+07 -131.85
50200 -1.81093e+07 -96.5221
50300 -1.12889e+07 -60.0397
50400 1.85639e+07 99.6463
50500 1.74338e+07 93.6014
50600 5.41473e+06 29.3101
50700 -2.61694e+07 -139.638
50800 361551 2.27996
50900 7.12147e+06 38.4399
51000 2.25554e+07 120.999
51100 1.70474e+06 9.46496
51200 6.83011e+06 36.8816
51300 1.05343e+07 56.6964
51400 2.93428e+07 157.307
51500 2.74013e+07 146.922
51600 2.14151e+07 114.901
51700 1.12565e+07 60.56
51800 1.72415e+07 92.5756
51900 142786 1.10982
52000 6.47007e+06 34.9564
52100 -6.91017e+06 -36.6186
52200 2.44807e+07 131.301
52300 7.52149e+06 40.5809
52400 9.09013e+06 48.9722
52500 1.35429e+07 72.7918
52600 -1.89106e+07 -100.814
52700 -3.73594e+06 -19.639
52800 1.68691e+07 90.5853
52900 1.7075e+07 91.687
53000 3.23311e+07 173.299
53100 2.22881e+07 119.575
53200 2.52516e+07 135.428
53300 1.67087e+07 89.7284
53400 1.81392e+07 97.3815
53500 2.88539e+07 154.7
53600 2.82625e+07 151.536
53700 4.51838e+07 242.058
53800 3.46195e+07 185.544
53900 1.36449e+07 73.3402
54000 1.79403e+07 96.3189
54100 3.39558e+07 181.995
54200 4.43509e+07 237.605
54300 6.01933e+07 322.356
54400 3.16997e+07 169.927
54500 1.04427e+07 56.2105
54600 1.51246e+07 81.2571
54700 4.61442e+07 247.201
54800 1.79302e+07 96.2669
54900 3.84872e+07 206.24
55000 6.56782e+07 351.705
55100 4.1017e+07 219.775
55200 2.0279e+07 108.833
55300 1.39894e+07 75.1857
55400 3.59416e+07 192.625
55500 3.61463e+07 193.721
55600 5.84945e+07 313.279
55700 4.25548e+07 228.006
55800 5.04608e+07 270.302
55900 3.8231e+07 204.876
56000 3.2623e+07 174.874
56100 4.41453e+07 236.517
56200 4.09481e+07 219.413
56300 5.2739e+07 282.494
56400 1.79903e+07 96.5926
56500 2.0247e+07 108.666
56600 3.69264e+07 197.9
56700 3.58621e+07 192.207
56800 4.61803e+07 247.409
56900 5.03468e+07 269.701
57000 4.90979e+07 263.02
57100 3.76462e+07 201.754
57200 4.97231e+07 266.367
57300 4.81304e+07 257.846
57400 5.1631e+07 276.576
57500 5.87628e+07 314.732
57600 5.03872e+07 269.923
57700 4.52818e+07 242.609
57800 6.90909e+07 369.992
57900 6.98464e+07 374.035
58000 5.63232e+07 301.685
58100 7.58176e+07 405.984
58200 3.17089e+07 169.995
58300 5.8695e+07 314.377
58400 3.61625e+07 193.824
58500 5.93737e+07 318.011
58600 7.52943e+07 403.191
58700 6.62915e+07 355.025
58800 6.60737e+07 353.861
58900 5.29048e+07 283.404
59000 3.93573e+07 210.921
59100 6.58411e+07 352.62
59200 5.60484e+07 300.227
59300 7.81289e+07 418.367
59400 4.97032e+07 266.279
59500 6.75957e+07 362.012
59600 5.22264e+07 279.781
59700 6.09836e+07 326.637
59800 7.36596e+07 394.461
59900 5.80547e+07 310.969
60000 8.80509e+07 471.465
60100 8.94469e+07 478.936
60200 6.85078e+07 366.902
60300 6.52236e+07 349.331
60400 7.142e+07 382.487
60500 7.58377e+07 406.125
60600 8.37605e+07 448.519
60700 9.62509e+07 515.352
60800 9.24423e+07 494.976
60900 7.39068e+07 395.799
61000 8.235e+07 440.978
61100 9.12539e+07 488.623
61200 9.06659e+07 485.478
61300 8.73608e+07 467.795
61400 8.2427e+07 441.397
61500 1.10755e+08 592.976
61600 1.02293e+08 547.7
61700 7.62252e+07 408.217
61800 9.32646e+07 499.394
61900 8.08404e+07 432.916
62000 1.11791e+08 598.531
62100 9.0679e+07 485.565
62200 9.35128e+07 500.73
62300 9.07031e+07 485.698
62400 8.38974e+07 449.282
62500 1.13429e+08 607.309
62600 1.27138e+08 680.668
62700 1.19483e+08 639.707
62800 1.07486e+08 575.516
62900 1.06771e+08 571.69
63000 1.12206e+08 600.777
63100 1.43103e+08 766.112
63200 1.33364e+08 714
63300 1.30856e+08 700.584
63400 1.01687e+08 544.497
63500 1.05196e+08 563.278
63600 1.12562e+08 602.695
63700 1.30913e+08 700.9
63800 1.41183e+08 755.862
63900 1.44775e+08 775.086
64000 1.15248e+08 617.079
64100 1.26528e+08 677.446
64200 1.28275e+08 686.799
64300 1.3045e+08 698.443
64400 1.20699e+08 646.263
64500 1.23001e+08 658.585
64600 1.54914e+08 829.367
64700 1.30641e+08 699.476
64800 1.24524e+08 666.742
64900 1.30173e+08 696.974
65000 1.47395e+08 789.144
65100 1.70839e+08 914.612
65200 1.68805e+08 903.732
65300 1.38302e+08 740.491
65400 1.44595e+08 774.174
65500 1.19341e+08 639.024
65600 1.33252e+08 713.477
65700 1.62184e+08 868.316
65800 1.6321e+08 873.815
65900 1.62222e+08 868.53
66000 1.32108e+08 707.366
66100 1.4383e+08 770.108
66200 1.46921e+08 786.654
66300 1.63641e+08 876.138
66400 1.75996e+08 942.268
66500 1.4023e+08 750.854
66600 1.39858e+08 748.864
66700 1.51558e+08 811.49
66800 1.73717e+08 930.089
66900 1.50107e+08 803.732
67000 1.72562e+08 923.916
67100 1.95666e+08 1047.57
67200 1.55327e+08 831.679
67300 1.58487e+08 848.595
67400 1.70588e+08 913.369
67500 1.79344e+08 960.237
67600 1.70312e+08 911.898
67700 1.73861e+08 930.898
67800 1.83659e+08 983.346
67900 1.59786e+08 855.572
68000 1.83408e+08 982.015
68100 1.85547e+08 993.468
68200 1.81688e+08 972.817
68300 1.85902e+08 995.378
68400 1.99154e+08 1066.32
68500 1.75381e+08 939.072
68600 2.07183e+08 1109.3
68700 2.1035e+08 1126.26
68800 2.06702e+08 1106.74
68900 2.05243e+08 1098.93
69000 1.85318e+08 992.285
69100 2.09628e+08 1122.42
69200 1.94797e+08 1043.04
69300 2.21771e+08 1187.42
69400 2.13134e+08 1141.2
69500 2.3509e+08 1258.73
69600 2.61782e+08 1401.62
69700 2.09767e+08 1123.2
69800 1.98606e+08 1063.46
69900 2.09669e+08 1122.69
70000 2.20624e+08 1181.33
70100 2.37404e+08 1271.16
70200 2.31656e+08 1240.4
70300 2.3338e+08 1249.63
70400 2.13272e+08 1142
70500 2.1888e+08 1172.03
70600 2.38376e+08 1276.4
70700 2.29275e+08 1227.68
70800 2.43431e+08 1303.47
70900 2.34919e+08 1257.91
71000 2.27696e+08 1219.25
71100 2.30906e+08 1236.44
71200 2.38237e+08 1275.7
71300 2.4198e+08 1295.74
71400 2.53848e+08 1359.28
71500 2.50663e+08 1342.24
71600 2.46111e+08 1317.88
71700 2.4059e+08 1288.33
71800 2.4702e+08 1322.76
71900 2.6206e+08 1403.29
72000 2.54822e+08 1364.54
72100 2.91028e+08 1558.38
72200 2.70096e+08 1446.33
72300 2.62471e+08 1405.52
72400 2.41423e+08 1292.84
72500 2.788e+08 1492.96
72600 2.48525e+08 1330.88
72700 2.69353e+08 1442.4
72800 2.98236e+08 1597.04
72900 2.92062e+08 1563.99
73000 2.77992e+08 1488.68
73100 2.58694e+08 1385.37
73200 2.81864e+08 1509.42
73300 2.82587e+08 1513.3
73400 3.17823e+08 1701.97
73500 3.30414e+08 1769.39
73600 3.14918e+08 1686.43
73700 2.8736e+08 1538.9
73800 2.92421e+08 1566
73900 2.72535e+08 1459.54
74000 2.87735e+08 1540.93
74100 3.04961e+08 1633.18
74200 3.14058e+08 1681.89
74300 3.05117e+08 1634.04
74400 3.13472e+08 1678.78
74500 2.99571e+08 1604.36
74600 3.0255e+08 1620.32
74700 2.95657e+08 1583.42
74800 3.15649e+08 1690.48
74900 3.22218e+08 1725.67
75000 3.3257e+08 1781.11
75100 3.26603e+08 1749.17
75200 2.97644e+08 1594.12
75300 3.10337e+08 1662.09
75400 3.28605e+08 1759.93
75500 3.46368e+08 1855.05
75600 3.31925e+08 1777.72
75700 2.99872e+08 1606.1
75800 3.13687e+08 1680.09
75900 3.41659e+08 1829.88
76000 3.38579e+08 1813.4
76100 3.35422e+08 1796.51
76200 3.35287e+08 1795.8
76300 3.22192e+08 1725.69
76400 3.24496e+08 1738.04
76500 3.25748e+08 1744.76
76600 3.55367e+08 1903.38
76700 3.65305e+08 1956.62
76800 3.49193e+08 1870.34
76900 3.18783e+08 1707.51
77000 3.20608e+08 1717.29
77100 3.50058e+08 1875.02
77200 3.6272e+08 1942.84
77300 3.64839e+08 1954.2
77400 3.73992e+08 2003.24
77500 3.41272e+08 1828.02
77600 3.46932e+08 1858.34
77700 3.6896e+08 1976.33
77800 3.69462e+08 1979.03
77900 3.74684e+08 2007.01
78000 3.76725e+08 2017.96
78100 3.61006e+08 1933.79
78200 3.68536e+08 1974.13
78300 3.5922e+08 1924.25
78400 3.88886e+08 2083.15
78500 3.8671e+08 2071.51
78600 3.90063e+08 2089.48
78700 3.77792e+08 2023.78
78800 3.87137e+08 2073.85
78900 3.74286e+08 2005.03
79000 3.77884e+08 2024.31
79100 3.96076e+08 2121.77
79200 3.94444e+08 2113.05
79300 4.08212e+08 2186.81
79400 3.98821e+08 2136.52
79500 3.74645e+08 2007.04
79600 4.12487e+08 2209.76
79700 4.21584e+08 2258.5
79800 4.00729e+08 2146.81
79900 3.97154e+08 2127.67
80000 4.0429e+08 2165.91
80100 3.96639e+08 2124.95
80200 4.1826e+08 2240.78
80300 4.32455e+08 2316.83
80400 4.28814e+08 2297.35
80500 4.06506e+08 2177.87
80600 4.23236e+08 2267.51
80700 4.40209e+08 2358.45
80800 4.28709e+08 2296.86
80900 4.34534e+08 2328.08
81000 4.45557e+08 2387.15
81100 4.4429e+08 2380.38
81200 4.52207e+08 2422.81
81300 4.53186e+08 2428.08
81400 4.25819e+08 2281.49
81500 4.51341e+08 2418.23
81600 4.65464e+08 2493.91
81700 4.97578e+08 2665.98
81800 4.56513e+08 2446
81900 4.55311e+08 2439.58
82000 4.58833e+08 2458.47
82100 4.46904e+08 2394.58
82200 4.79588e+08 2569.71
82300 5.00902e+08 2683.92
82400 4.73209e+08 2535.57
82500 4.51249e+08 2417.94
82600 4.7231e+08 2530.8
82700 4.89553e+08 2623.2
82800 4.9815e+08 2669.29
82900 4.99039e+08 2674.07
83000 4.95028e+08 2652.6
83100 4.67722e+08 2506.33
83200 4.75718e+08 2549.19
83300 5.08149e+08 2722.98
83400 5.17514e+08 2773.18
83500 5.05928e+08 2711.12
83600 4.76446e+08 2553.18
83700 4.65581e+08 2494.99
83800 5.23245e+08 2803.98
83900 5.15249e+08 2761.16
84000 5.30391e+08 2842.32
84100 5.23504e+08 2805.44
84200 4.99584e+08 2677.3
84300 5.02899e+08 2695.09
84400 5.15789e+08 2764.18
84500 5.21168e+08 2793.03
84600 5.45442e+08 2923.12
84700 5.25997e+08 2818.96
84800 5.47294e+08 2933.1
84900 5.44292e+08 2917.04
85000 5.23207e+08 2804.08
85100 5.35387e+08 2869.38
85200 5.43408e+08 2912.38
85300 5.66542e+08 3036.39
85400 5.7046e+08 3057.41
85500 5.6334e+08 3019.28
85600 5.44637e+08 2919.08
85700 5.48073e+08 2937.52
85800 5.74103e+08 3077.04
85900 5.96839e+08 3198.92
86000 5.96916e+08 3199.37
86100 5.45483e+08 2923.75
86200 5.55368e+08 2976.76
86300 5.701e+08 3055.74
86400 6.16244e+08 3303.08
86500 5.96576e+08 3197.7
86600 6.18742e+08 3316.52
86700 5.94144e+08 3184.72
86800 5.94276e+08 3185.46
86900 5.94366e+08 3185.97
87000 6.14522e+08 3294.03
87100 6.22558e+08 3337.14
87200 6.05232e+08 3244.3
87300 5.99506e+08 3213.65
87400 6.04272e+08 3239.22
87500 6.30019e+08 3377.26
87600 6.34266e+08 3400.06
87700 6.20946e+08 3328.69
87800 6.38551e+08 3423.09
87900 6.25608e+08 3353.75
88000 6.15764e+08 3301.01
88100 6.21149e+08 3329.91
88200 6.28922e+08 3371.61
88300 6.65717e+08 3568.89
88400 6.66792e+08 3574.68
88500 6.57558e+08 3525.22
88600 6.45725e+08 3461.82
88700 6.59385e+08 3535.09
88800 6.45276e+08 3459.49
88900 6.59229e+08 3534.32
89000 6.61256e+08 3545.22
89100 6.70143e+08 3592.9
89200 6.81445e+08 3653.53
89300 6.61095e+08 3544.47
89400 6.65692e+08 3569.15
89500 6.39893e+08 3430.88
89600 6.68134e+08 3582.32
89700 6.9553e+08 3729.23
89800 6.9512e+08 3727.07
89900 7.23304e+08 3878.21
90000 7.00599e+08 3756.52
90100 6.82248e+08 3658.18
90200 6.8617e+08 3679.24
90300 7.02455e+08 3766.6
90400 7.25705e+08 3891.29
90500 7.22107e+08 3872.04
90600 7.13129e+08 3823.95
90700 7.1074e+08 3811.18
90800 7.09489e+08 3804.51
90900 7.21723e+08 3870.15
91000 7.27356e+08 3900.4
91100 7.52188e+08 4033.59
91200 7.2586e+08 3892.46
91300 7.33972e+08 3936
91400 7.0962e+08 3805.46
91500 7.24444e+08 3884.99
91600 7.47779e+08 4010.17
91700 7.34041e+08 3936.54
91800 7.51338e+08 4029.34
91900 7.50035e+08 4022.39
92000 7.44192e+08 3991.11
92100 7.34348e+08 3938.36
92200 7.52612e+08 4036.35
92300 7.72107e+08 4140.94
92400 7.67651e+08 4117.09
92500 7.64753e+08 4101.6
92600 7.36639e+08 3950.87
92700 7.57961e+08 4065.26
92800 7.79739e+08 4182.1
92900 7.76114e+08 4162.71
93000 7.87109e+08 4221.73
93100 7.80925e+08 4188.61
93200 7.83135e+08 4200.51
93300 7.85113e+08 4211.17
93400 7.84832e+08 4209.71
93500 7.83347e+08 4201.79
93600 7.93613e+08 4256.9
93700 8.11263e+08 4351.62
93800 7.99259e+08 4287.28
93900 8.21188e+08 4404.96
94000 8.1219e+08 4356.74
94100 7.97435e+08 4277.65
94200 7.91474e+08 4245.73
94300 8.28604e+08 4444.94
94400 8.34002e+08 4473.94
94500 8.38463e+08 4497.93
94600 8.39494e+08 4503.51
94700 8.15583e+08 4375.3
94800 8.18354e+08 4390.22
94900 8.51467e+08 4567.9
95000 8.61449e+08 4621.5
95100 8.68413e+08 4658.92
95200 8.52192e+08 4571.95
95300 8.38363e+08 4497.82
95400 8.49371e+08 4556.93
95500 8.72736e+08 4682.33
95600 8.93026e+08 4791.24
95700 8.77263e+08 4706.73
95800 8.50676e+08 4564.15
95900 8.54545e+08 4584.97
96000 8.81467e+08 4729.46
96100 8.94814e+08 4801.13
96200 9.0572e+08 4859.7
96300 8.9376e+08 4795.59
96400 8.94558e+08 4799.93
96500 9.06312e+08 4863.05
96600 9.00033e+08 4829.43
96700 9.25296e+08 4965.04
96800 9.10887e+08 4887.79
96900 9.25134e+08 4964.29
97000 9.11132e+08 4889.22
97100 9.09962e+08 4883.01
97200 9.17465e+08 4923.33
97300 9.32103e+08 5001.94
97400 9.26608e+08 4972.51
97500 9.30098e+08 4991.31
97600 9.45205e+08 5072.44
97700 9.27188e+08 4975.82
97800 9.19209e+08 4933.07
97900 9.55895e+08 5130
98000 9.50717e+08 5102.28
98100 9.55082e+08 5125.77
98200 9.6941e+08 5202.72
98300 9.55606e+08 5128.71
98400 9.97389e+08 5353.01
98500 9.86339e+08 5293.78
98600 9.91664e+08 5322.43
98700 9.90203e+08 5314.66
98800 9.78361e+08 5251.17
98900 1.00676e+09 5403.65
99000 9.87536e+08 5300.56
99100 1.00287e+09 5382.9
99200 1.01386e+09 5441.98
99300 1.01617e+09 5454.47
99400 1.00024e+09 5369.04
99500 9.98643e+08 5360.53
99600 1.00234e+09 5380.42
99700 1.01796e+09 5464.38
99800 1.04178e+09 5592.29
99900 1.05174e+09 5645.8
100000 1.04767e+09 5624.08
100100 1.02049e+09 5478.21
100200 1.00959e+09 5419.78
100300 1.03094e+09 5534.45
100400 1.05269e+09 5651.31
100500 1.06168e+09 5699.63
100600 1.06868e+09 5737.3
100700 1.07257e+09 5758.26
100800 1.07088e+09 5749.26
100900 1.04941e+09 5634.1
101000 1.09412e+09 5874.17
101100 1.0934e+09 5870.41
101200 1.09026e+09 5853.64
101300 1.0834e+09 5816.87
101400 1.06811e+09 5734.89
101500 1.0914e+09 5860.01
101600 1.10605e+09 5938.72
101700 1.14083e+09 6125.54
101800 1.13001e+09 6067.54
101900 1.12661e+09 6049.36
102000 1.11111e+09 5966.25
102100 1.09532e+09 5881.56
102200 1.12091e+09 6019.01
102300 1.12827e+09 6058.63
102400 1.15836e+09 6220.3
102500 1.14337e+09 6139.89
102600 1.15329e+09 6193.26
102700 1.14804e+09 6165.13
102800 1.14831e+09 6166.67
102900 1.16119e+09 6235.93
103000 1.16194e+09 6240.07
103100 1.18173e+09 6346.39
103200 1.19733e+09 6430.29
103300 1.16916e+09 6279.12
103400 1.16729e+09 6269.17
103500 1.16388e+09 6250.94
103600 1.17495e+09 6310.46
103700 1.21154e+09 6507.07
103800 1.20722e+09 6483.95
103900 1.19641e+09 6425.98
104000 1.19882e+09 6439.01
104100 1.2064e+09 6479.83
104200 1.21171e+09 6508.47
104300 1.22989e+09 6606.22
104400 1.22022e+09 6554.34
104500 1.23363e+09 6626.49
104600 1.21262e+09 6513.73
104700 1.23722e+09 6645.97
104800 1.24334e+09 6678.93
104900 1.26134e+09 6775.75
105000 1.2545e+09 6739.12
105100 1.23461e+09 6632.38
105200 1.25571e+09 6745.81
105300 1.25914e+09 6764.32
105400 1.25541e+09 6744.37
105500 1.25839e+09 6760.52
105600 1.27031e+09 6824.63
105700 1.27071e+09 6826.9
105800 1.28148e+09 6884.88
105900 1.27255e+09 6836.98
106000 1.2716e+09 6832.01
106100 1.29692e+09 6968.11
106200 1.312e+09 7049.25
106300 1.33284e+09 7161.35
106400 1.31547e+09 7068.1
106500 1.30252e+09 6998.67
106600 1.32291e+09 7108.31
106700 1.31495e+09 7065.65
106800 1.33381e+09 7167.1
106900 1.34888e+09 7248.22
107000 1.32731e+09 7132.41
107100 1.34151e+09 7208.8
107200 1.32422e+09 7116.01
107300 1.33535e+09 7175.92
107400 1.3611e+09 7314.42
107500 1.35116e+09 7261.12
107600 1.35857e+09 7301.08
107700 1.36222e+09 7320.78
107800 1.35623e+09 7288.75
107900 1.36328e+09 7326.71
108000 1.38323e+09 7434.04
108100 1.40397e+09 7545.63
108200 1.38251e+09 7430.44
108300 1.37666e+09 7399.09
108400 1.3932e+09 7488.11
108500 1.39173e+09 7480.35
108600 1.41321e+09 7595.89
108700 1.42325e+09 7650.02
108800 1.43916e+09 7735.63
108900 1.43238e+09 7699.31
109000 1.43419e+09 7709.16
109100 1.41e+09 7579.27
109200 1.43874e+09 7733.88
109300 1.47908e+09 7950.86
109400 1.46133e+09 7855.59
109500 1.47048e+09 7904.89
109600 1.45633e+09 7828.96
109700 1.44659e+09 7776.74
109800 1.44814e+09 7785.19
109900 1.47305e+09 7919.25
110000 1.48492e+09 7983.17
110100 1.47547e+09 7932.52
110200 1.45849e+09 7841.33
110300 1.47608e+09 7936.06
110400 1.49541e+09 8040.13
110500 1.50103e+09 8070.47
110600 1.49921e+09 8060.82
110700 1.51585e+09 8150.4
110800 1.49048e+09 8014.15
110900 1.50319e+09 8082.61
111000 1.50744e+09 8105.62
111100 1.52144e+09 8181
111200 1.54626e+09 8314.59
111300 1.54469e+09 8306.32
111400 1.53914e+09 8276.6
111500 1.52089e+09 8178.6
111600 1.54959e+09 8333.12
111700 1.58445e+09 8520.69
111800 1.58853e+09 8542.77
111900 1.58023e+09 8498.3
112000 1.57442e+09 8467.21
112100 1.57705e+09 8481.51
112200 1.59884e+09 8598.8
112300 1.61706e+09 8696.97
112400 1.60929e+09 8655.3
112500 1.592e+09 8562.49
112600 1.61744e+09 8699.46
112700 1.63432e+09 8790.39
112800 1.63591e+09 8799.13
112900 1.62306e+09 8730.14
113000 1.64277e+09 8836.29
113100 1.64302e+09 8837.83
113200 1.63191e+09 8778.19
113300 1.64117e+09 8828.17
113400 1.66506e+09 8956.85
113500 1.67019e+09 8984.6
113600 1.67519e+09 9011.67
113700 1.66896e+09 8978.3
113800 1.69608e+09 9124.36
113900 1.6669e+09 8967.51
114000 1.68156e+09 9046.56
114100 1.7011e+09 9151.84
114200 1.69391e+09 9113.35
114300 1.72231e+09 9266.28
114400 1.73503e+09 9334.89
114500 1.71304e+09 9216.72
114600 1.69395e+09 9114.22
114700 1.70509e+09 9174.33
114800 1.71407e+09 9222.81
114900 1.73911e+09 9357.7
115000 1.73752e+09 9349.3
115100 1.75348e+09 9435.34
115200 1.75662e+09 9452.43
115300 1.74531e+09 9391.75
115400 1.75884e+09 9464.7
115500 1.74317e+09 9380.57
115600 1.79213e+09 9644.23
115700 1.80316e+09 9703.74
115800 1.7789e+09 9573.37
115900 1.7817e+09 9588.59
116000 1.77606e+09 9558.42
116100 1.80457e+09 9712.03
116200 1.80512e+09 9715.19
116300 1.8094e+09 9738.41
116400 1.8237e+09 9815.52
116500 1.80886e+09 9735.87
116600 1.83206e+09 9860.92
116700 1.83675e+09 9886.32
116800 1.84644e+09 9938.66
116900 1.8412e+09 9910.66
117000 1.83861e+09 9896.92
117100 1.85139e+09 9965.87
117200 1.84568e+09 9935.34
117300 1.87891e+09 10114.4
117400 1.91254e+09 10295.6
117500 1.88696e+09 10158.1
117600 1.89204e+09 10185.6
117700 1.88058e+09 10124.1
117800 1.88878e+09 10168.5
117900 1.88004e+09 10121.7
118000 1.90226e+09 10241.5
118100 1.91044e+09 10285.7
118200 1.93665e+09 10427
118300 1.94008e+09 10445.7
118400 1.91753e+09 10324.5
118500 1.93572e+09 10422.6
118600 1.95679e+09 10536.2
118700 1.94016e+09 10446.9
118800 1.94982e+09 10499.1
118900 1.95203e+09 10511.2
119000 1.94889e+09 10494.5
119100 1.98411e+09 10684.4
119200 1.98678e+09 10699
119300 1.98683e+09 10699.5
119400 1.9885e+09 10708.6
119500 1.9917e+09 10726.1
119600 1.98801e+09 10706.5
119700 1.96629e+09 10589.7
119800 1.99944e+09 10768.4
119900 2.00616e+09 10804.8
120000 2.01022e+09 10826.9
